14.3703
12.6274
9.52205
7.15475
8.43239
6.92219
7.61219
6.98392
6.98012
7.12881
7.77408
7.64382
7.79473
7.56474
7.58556
7.80816
7.5437
8.07464
7.95875
7.92963
8.33066
8.00802
8.10162
8.22601
8.24688
8.33622
8.32924
9.03044
8.48028
8.41299
9.1102
8.57096
8.61543
9.21915
9.18551
9.98287
11.4641
11.6607
12.6155
13.6402
14.5694
15.5355
16.262
17.3461
18.1317
18.9081
19.5649
20.4034
20.8707
21.3172
21.7999
22.3747
22.7032
23.0651
23.5482
23.8758
24.1139
24.3533
24.6186
25.6087
25.0761
25.1153
25.5839
25.472
25.6626
25.6516
25.7308
25.9838
26.0683
26.0735
26.2582
26.0986
26.0899
26.0323
26.1974
26.4746
26.4204
26.3158
26.303
26.2425
26.3566
26.2035
26.0977
26.6232
26.4872
26.5321
26.4106
27.2234
26.4761
26.8756
26.5999
26.6635
26.964
27.2588
27.5273
27.6143
27.986
28.2583
28.477
28.8398
28.8167
29.7381
29.444
29.6406
29.5917
29.7843
29.9467
30.0088
30.1607
30.279
30.279
30.3669
29.489
30.437
30.4074
30.3851
30.7671
30.4325
30.7148
30.707
30.846
30.7527
31.0738
30.5697
30.9592
30.5847
30.4729
30.6224
30.6533
31.0009
30.7093
30.785
30.7535
30.9654
30.5369
30.8277
30.886
29.567
30.699
30.7717
30.6683
30.7262
30.5439
30.6758
30.4843
30.4026
30.6271
29.5237
30.4003
30.4896
30.3913
30.4788
30.3219
30.2736
30.4658
30.34
30.1462
30.4236
30.8557
30.3838
30.1294
30.3146
30.4584
30.5138
30.5424
30.5315
30.4698
30.7139
30.8116
30.97
30.8534
30.9376
30.9925
31.0413
31.089
31.2433
31.2782
31.3488
31.7902
31.3513
31.6797
31.521
31.7015
32.5179
31.9879
32.1257
32.4356
32.4464
32.5525
32.8325
32.6945
33.3923
32.7001
33.0173
32.9543
33.1107
33.1903
33.7304
33.2139
33.0004
33.1829
33.2443
33.342
33.2703
33.3809
33.1723
33.5122
33.3973
33.3482
33.4731
33.2937
33.1626
33.3078
33.1665
33.2003
33.3863
33.4102
33.0983
33.178
33.7179
33.1973
33.345
32.1799
33.1676
33.2364
33.1597
33.1582
33.172
33.1618
33.0018
32.9979
33.1832
32.9782
33.0449
33.1145
32.8503
33.0881
32.7397
32.981
32.9849
32.971
32.9789
32.9041
32.7162
32.8996
32.9209
32.7579
32.9426
32.9136
32.5883
32.8164
32.7068
32.6096
32.5078
33.4576
32.6553
32.6007
32.4571
32.6196
32.3187
32.4558
32.6075
32.64
32.3967
32.438
32.3735
32.4821
32.3375
32.5496
32.5025
32.6071
32.3463
32.3207
32.2057
32.3093
32.2098
32.4793
32.1717
32.2952
32.0641
32.2191
31.853
32.2553
32.2664
32.0354
32.0681
31.9325
32.1653
32.0002
32.0389
31.9159
32.023
31.9561
31.864
31.9826
31.7919
31.8152
31.8322
31.6948
31.8082
31.6541
31.7233
31.7026
31.6644
31.638
31.4134
31.4539
31.4482
31.6021
31.3434
31.7329
31.5228
31.3544
31.5197
31.3786
31.4582
31.3677
31.2969
31.2935
31.314
31.1973
31.1609
31.214
31.1348
31.082
31.1378
31.2101
31.2867
30.9546
31.1596
31.1779
31.0847
31.0474
31.0221
31.1312
31.0819
30.8316
31.1816
30.9527
31.0245
31.0039
30.8012
30.7939
30.8531
30.9782
30.7152
31.4525
30.8944
30.6749
31.4214
30.613
31.0552
31.1319
31.0916
31.4102
31.5962
31.6489
31.772
31.9113
32.675
32.4893
32.3591
31.3543
32.5649
32.5508
32.689
32.7042
32.7973
32.8015
32.9684
32.9767
33.0288
33.0739
33.0317
32.8611
33.2644
33.1626
33.7061
33.2604
33.8554
33.8316
34.146
34.3583
34.5891
35.1303
34.9431
35.3896
35.5972
35.8145
36.0551
36.2745
36.5242
36.7394
36.5488
36.8537
36.9121
37.0416
37.0148
37.2004
36.6973
37.2585
37.5275
37.4133
37.4673
37.6644
37.6803
37.6952
37.519
37.4277
37.6367
37.6653
37.6943
37.7227
37.3426
37.6656
37.5636
37.6319
37.4968
37.3737
37.5788
37.3896
37.5913
37.6298
37.3925
37.4129
37.5909
37.4622
37.2189
37.2736
37.4372
37.3701
37.4565
37.3214
37.3461
37.276
37.0721
37.3282
37.4181
37.2402
37.1262
37.0186
37.2823
36.9742
37.0777
37.0625
36.9719
37.021
37.0043
36.9528
37.1111
36.91
37.4027
36.7892
36.717
36.7966
36.7093
36.8222
36.763
36.5901
36.6742
36.6131
36.6976
36.5417
36.6387
36.6469
36.3816
36.4068
36.5062
36.3131
36.7663
36.5006
36.249
36.3615
36.2512
36.3546
36.3457
36.1834
36.5362
36.2172
36.2916
36.2207
35.9709
36.2434
35.1504
36.2032
36.3033
36.2438
36.1233
36.1935
36.14
35.9913
36.213
36.0685
35.9029
36.304
36.0738
35.9473
35.9488
36.1772
35.948
36.256
36.2129
36.2503
36.2099
36.2685
36.1964
36.2913
35.17
36.2681
36.1839
36.3082
36.1139
36.2537
36.3505
36.2234
36.0859
36.2477
36.0528
36.0589
36.1059
36.0267
36.1882
36.022
36.0641
36.1729
36.1989
35.9282
36.003
36.0113
35.9678
35.9276
35.8506
36.0059
35.7562
35.6704
35.9116
36.1276
35.8191
35.7957
35.7921
35.7454
35.5083
35.6839
35.4789
35.6412
35.6244
35.5688
35.6593
35.4488
35.4759
35.6444
35.4552
35.5461
35.481
35.4528
35.1886
35.4127
35.3018
35.2532
35.1924
35.3393
35.0781
35.1903
35.1942
35.2878
35.3217
34.998
35.1927
35.079
35.2088
35.1075
35.0767
34.914
34.863
34.9054
35.0064
34.7053
34.9406
34.7116
34.889
34.6342
34.65
34.6928
34.7509
34.6404
34.4793
34.7998
34.6302
34.5072
34.6149
34.4055
34.5401
34.7024
34.4821
34.3251
34.4723
34.4312
34.4891
34.4488
34.231
34.4008
34.1753
34.3316
34.3612
34.2686
34.3688
34.2769
34.104
34.1815
34.2218
34.1049
33.9443
34.1203
34.0121
33.9418
33.8313
33.8695
34.0726
33.8721
33.868
33.8011
33.7087
32.8484
34.3074
33.8409
33.7653
33.7622
33.7407
33.7432
33.5853
33.5204
33.5512
33.5644
33.5339
33.5569
33.4958
33.5031
33.556
33.3542
33.5019
33.2795
33.205
33.359
33.3425
33.2514
33.3455
33.3668
33.4764
33.1162
33.3219
33.3494
33.216
33.0135
33.0165
33.0832
33.2193
33.1019
33.116
32.9488
32.8646
32.9714
32.8172
32.8083
32.9933
32.6295
32.6702
33.0104
32.7965
32.7673
32.7859
32.897
32.7847
32.5281
32.8212
32.6753
32.5715
32.5496
32.6319
32.4624
32.3252
32.3574
32.5007
32.5653
32.68
32.4473
32.4443
32.3824
32.5239
32.1569
32.3057
32.3489
32.2877
32.3606
32.2572
32.1887
32.3628
32.2248
32.4277
32.2306
32.1398
32.0281
32.1439
31.9823
31.9953
31.8381
32.1181
31.8525
31.874
31.9123
31.9016
31.7731
31.8669
31.785
31.8808
32.016
31.8761
31.7791
31.7997
31.869
31.7591
31.7509
31.7637
31.5418
31.6639
31.459
31.6496
31.605
31.681
31.428
31.3968
31.3753
31.5591
31.5368
31.3556
31.279
31.1428
31.547
31.6356
31.2488
31.2343
31.1923
31.255
31.1361
31.2385
30.9624
31.0518
31.1248
31.0167
31.3096
31.1159
31.1308
30.9719
30.9944
31.2803
31.0141
30.7159
31.14
30.9016
31.1634
31.0398
30.8622
30.9306
30.7666
30.6905
30.7501
30.8569
30.7733
30.6008
30.8015
30.5434
30.8082
30.4656
30.5364
30.5469
30.6989
30.5286
30.5371
30.5994
30.4554
30.4765
30.4437
30.4699
30.4233
30.4614
30.5173
30.3496
29.5038
30.38
30.0749
30.5038
30.3573
30.0711
30.0242
30.1864
30.1691
30.2213
30.1219
30.0151
30.2325
30.0405
29.8775
29.9872
29.8984
29.9204
29.8715
29.9359
30.0586
30.0282
30.1066
29.9375
30.0118
29.852
29.7321
29.7831
29.6997
29.8418
29.6706
29.5948
29.7451
29.806
29.6089
29.5153
29.5187
29.5779
29.5781
29.6955
29.6129
29.6138
29.6049
29.3604
29.5606
28.3442
28.3268
29.3207
29.3865
29.5561
29.1672
29.4629
29.2677
29.4487
29.3208
29.4156
29.3176
29.2825
28.2814
29.3832
29.2177
29.2967
29.1916
29.1766
29.1277
29.3077
29.1694
29.0258
29.147
29.103
29.1021
28.9538
29.074
28.9564
28.9997
28.8128
28.9899
28.778
29.0215
28.7984
28.8213
28.7653
28.806
28.6759
28.8507
28.6606
28.5988
28.6962
28.658
28.5841
28.6583
28.4006
28.5245
28.5812
28.51
28.5107
28.6204
28.4431
28.3981
28.4831
28.4318
28.3302
28.2096
28.2891
28.3245
28.4744
28.4798
28.3416
28.2677
28.1539
29.0068
28.2176
28.1681
28.1818
28.2699
28.064
28.0647
28.2255
28.0912
28.0185
27.9949
28.0799
28.0397
26.9778
27.9959
28.07
28.2826
28.0211
27.804
27.8231
27.9354
27.9037
27.806
27.7136
27.8781
27.8323
27.8139
27.6636
27.6545
27.7449
27.6952
27.9724
27.8849
27.538
27.4488
27.4764
27.5005
27.6665
27.4886
27.4788
27.5857
27.6513
27.6643
27.4734
27.43
27.4175
27.5478
27.4386
27.4596
27.3776
27.4388
27.2601
27.2895
27.3383
27.2901
27.2269
27.2253
27.1925
27.2039
27.1561
27.2276
27.1037
27.0559
27.2068
27.3145
26.928
27.0461
27.0179
26.9333
26.8731
26.7807
27.0454
27.0986
26.9589
27.1146
27.0003
26.7972
26.98
26.7827
26.9272
26.0062
26.8973
26.9648
26.8385
26.8875
26.6368
26.8512
26.5983
26.5998
26.6126
26.5636
26.7632
26.4647
26.6993
26.7216
26.5781
26.4795
26.5408
26.4868
26.5577
26.3988
26.4724
26.4357
26.2084
26.5172
26.599
26.3282
26.272
26.6604
26.3426
26.1853
26.3818
26.2454
26.036
26.1438
26.2558
26.3763
26.2743
26.4646
26.0306
26.1212
26.0278
26.2113
26.281
26.1091
26.0171
26.3142
26.1258
26.191
26.0978
25.943
26.12
25.9069
25.9859
25.84
24.8451
25.8312
25.8451
26.0554
25.5854
25.8332
25.8419
25.8922
25.968
25.7778
25.7512
25.8077
25.6854
25.9297
25.7341
25.5533
25.6347
25.6737
25.6112
25.501
25.621
25.5787
25.7637
25.553
25.5661
25.5653
25.5112
25.416
25.551
25.4664
25.4378
25.4475
25.4006
25.4595
25.3254
25.3179
25.2791
25.3156
25.3732
25.3465
25.1895
25.2338
25.2159
25.3087
25.1793
25.2882
25.7261
25.2587
25.2399
25.4493
25.3259
25.4521
25.4322
25.4604
25.5167
25.4681
25.8584
25.4233
25.4422
25.6769
25.7415
25.8769
25.6986
25.6945
25.6508
25.8854
25.773
25.8664
25.9472
25.7111
25.6762
25.7628
25.6092
26.0199
25.8999
25.8266
25.9021
25.7273
25.8522
25.6231
25.8225
25.9704
26.0374
25.7338
25.8554
25.7738
25.6096
25.5445
25.5989
24.5709
25.6014
25.6514
25.5385
26.2625
25.5273
24.6006
25.6212
25.4614
25.4993
25.4359
25.3381
25.3558
25.2862
25.3756
25.5174
25.4257
25.48
25.4074
25.2839
25.3457
25.183
25.3429
25.5206
25.3199
25.4627
25.2332
25.2996
25.0074
25.272
25.2958
24.9922
25.1707
24.9669
25.2916
24.1796
25.3014
25.0461
24.9745
25.0019
25.0668
24.8683
25.209
25.0482
25.1408
25.0591
25.1521
24.9088
25.0707
25.1077
25.0807
25.0124
24.8
24.658
24.9693
24.799
24.8277
24.96
24.7574
25.1563
24.7279
24.967
24.5432
24.5381
24.3773
24.3749
24.466
24.198
24.4646
24.4476
24.253
23.824
24.5439
24.3513
24.478
24.1835
24.1695
23.9642
24.4676
24.5168
24.0221
24.0608
24.0602
24.1027
23.9052
23.5387
24.066
24.1818
24.1808
23.4895
23.8242
24.1692
23.9147
23.5816
23.9441
23.8393
23.9666
23.5488
23.6704
23.6699
23.8593
23.5852
23.6615
24.061
23.7213
23.5224
23.6961
23.7376
23.5662
23.5257
23.7133
23.6033
23.2763
23.6135
24.2638
23.6825
23.4011
23.511
23.8609
23.5389
23.3695
23.6057
23.3509
23.3774
23.443
23.5152
23.2212
23.422
23.1271
23.2118
23.2372
23.5219
23.1125
23.4222
23.3461
23.0105
23.1003
23.3947
23.3322
23.0801
23.12
23.1617
23.0581
23.319
22.8125
23.2347
23.1192
23.1902
23.2043
23.3246
23.4728
23.3815
23.1928
23.0363
23.2858
22.9004
22.8103
22.8462
22.9071
22.9057
22.9111
22.7203
23.0299
22.8548
22.8508
22.7916
22.8015
23.2494
22.5935
22.7586
22.8908
22.7701
22.8223
22.6959
22.8982
22.7976
22.7401
22.9236
22.7029
22.7818
22.7009
22.3463
22.7183
22.5607
22.643
22.8382
22.8087
22.5101
22.2971
22.4271
22.5144
22.2793
22.5606
22.5382
22.6124
22.7206
22.4831
22.4653
22.4494
22.4721
22.3242
22.2983
22.373
22.1353
22.5781
22.1866
22.3282
22.5947
22.0215
21.851
22.0971
22.2194
22.2735
22.142
22.1865
22.1046
21.906
22.128
21.981
22.099
22.1542
22.1589
21.965
21.852
21.8937
22.0381
22.2805
22.1216
22.0544
21.8439
22.007
21.7889
22.0116
22.1029
21.8836
21.8756
21.9858
21.9695
22.0983
21.985
22.0716
21.757
21.695
21.521
21.6775
21.6901
21.703
21.5533
21.4463
21.6228
21.5983
21.7601
21.316
21.8798
21.7292
21.7564
21.5467
21.6421
21.5155
21.4283
21.6051
21.6755
21.4202
21.6675
21.3721
21.5293
21.7027
21.4064
21.3513
21.3094
21.4112
21.2855
21.3256
21.3276
21.3051
21.446
21.2069
21.1659
21.2324
21.4137
21.0833
21.3485
21.5393
21.1552
21.2394
21.0609
21.0948
21.0247
21.2697
21.1402
20.9924
21.2027
21.3569
21.0213
21.1103
20.9912
21.3168
20.975
21.3075
20.9856
21.0505
21.1854
21.0827
20.9477
20.8
20.9846
21.1465
20.8156
20.941
20.8369
20.8714
20.7184
20.9764
20.8123
20.7135
20.8918
20.7436
20.6663
20.818
20.4649
20.6731
20.5217
20.7685
20.5134
20.685
20.7076
20.4945
20.7924
20.4779
20.5746
20.7486
20.5349
20.581
20.6694
20.5166
20.7038
20.4896
20.5959
20.5337
20.4734
20.6632
20.5124
20.417
20.0049
20.522
20.4924
20.593
20.2458
20.5897
20.4251
20.5114
20.2213
20.4271
20.4358
20.556
20.0715
20.2742
20.1389
20.3468
20.4193
20.2724
20.274
20.4267
19.9918
20.0747
20.1607
20.3929
20.2346
20.344
20.2691
20.0834
20.128
20.3682
19.9339
19.9849
19.9494
19.9562
19.8893
20.242
19.7877
20.1392
20.0144
19.8619
19.9449
19.9997
19.9318
19.999
19.9313
19.8068
19.9638
19.9222
19.6658
20.0195
19.7548
19.7836
19.8586
19.8334
19.8987
19.8256
19.7486
19.5966
19.6412
19.6271
19.7753
19.5892
19.5835
19.6755
19.7947
19.6247
19.7497
19.5134
19.7026
19.7217
19.5739
19.8398
19.4736
19.7196
19.6887
19.5105
19.6112
19.3983
19.5868
19.5457
19.3887
19.3972
19.5484
19.3494
19.1335
19.5287
19.5212
19.4749
19.4832
19.2951
19.4284
19.3486
19.1008
19.2504
19.2477
19.3435
19.288
19.1166
19.3362
19.4865
19.0592
19.1875
19.2246
19.0977
19.0876
19.1142
19.1237
19.3262
19.2363
19.2763
19.0541
19.0883
18.8689
19.1289
19.133
19.0816
18.9738
18.674
19.0339
18.8755
18.9633
19.0661
19.0854
19.1669
18.9478
18.8249
19.0324
19.0396
19.05
18.6709
19.1023
18.8544
18.6505
19.0986
18.6965
18.844
19.046
18.9567
18.9535
18.6445
18.7948
18.6004
18.6724
18.9483
18.9653
18.9536
18.8379
18.9223
18.8789
18.5847
18.8369
18.6596
18.6988
18.8403
18.7528
18.4188
18.6801
18.6932
18.4725
18.5884
18.528
18.417
18.476
18.349
18.7011
18.4972
18.5588
18.521
18.3878
18.4619
18.5032
18.4843
18.7788
18.5397
18.4347
18.5555
18.2553
18.4855
18.3278
18.2041
18.4731
18.3301
18.3693
18.3252
18.4392
18.2966
18.1903
18.1922
18.319
18.3544
17.9133
18.2455
18.0459
18.1405
18.2634
18.1319
18.0186
18.1161
18.3731
18.2024
18.1987
18.2262
18.1078
18.2332
18.1345
18.0041
18.0593
17.87
18.0876
18.0229
18.0184
17.9965
18.0845
18.2348
17.9454
18.1117
17.955
17.7871
18.1481
17.9399
17.9792
17.8022
18.0065
18.0035
17.7644
17.7846
18.0674
17.711
17.9772
18.1109
17.6857
17.8381
17.6399
17.6513
17.5742
17.8248
17.7271
17.8404
17.4251
17.9116
17.8487
17.9101
17.6113
17.7913
17.7397
18.0043
17.5578
17.8318
17.6143
17.699
17.3432
17.7967
17.6138
17.6021
17.6303
17.5522
17.4668
17.6278
17.6945
17.4921
17.5052
17.6576
17.364
17.6224
17.4518
17.5267
17.5485
17.3861
17.3601
17.5959
17.2873
17.32
17.4165
17.5124
17.4102
17.4927
17.5241
17.4605
17.2627
17.2866
17.2032
17.4109
17.3272
17.5099
16.9904
17.498
17.2352
17.2834
17.2498
17.4246
17.1689
17.1637
17.1732
17.2752
17.139
17.3639
17.1152
17.3068
17.2227
17.1103
17.0528
17.1581
17.0018
16.82
17.213
17.1142
16.9352
17.2205
17.0967
17.0667
17.1763
17.1803
17.1585
17.078
17.1435
16.8066
16.8545
17.1072
16.8819
17.1026
16.9304
16.9967
16.8898
17.1021
16.7826
16.9395
16.6404
16.7203
16.935
16.8887
16.7794
16.9561
16.8128
16.6569
16.7077
16.6372
16.8784
16.8229
16.7714
16.7027
16.8022
16.5734
16.4474
16.6455
16.5711
16.5714
16.605
16.588
16.7412
16.5685
16.5147
16.4461
16.6569
16.6321
16.5353
16.8343
16.5661
16.6147
16.7455
16.6833
16.5205
16.5026
16.555
16.4699
16.6848
16.0868
16.5759
16.4936
16.3495
16.4809
16.4368
16.4837
16.4918
16.2457
16.5056
16.2161
16.5006
16.3977
16.4204
16.4573
16.2246
16.3198
16.3259
16.3946
16.2616
16.28
16.2946
16.1727
16.5051
15.942
16.4849
16.194
16.5756
16.3073
16.1064
15.9475
16.1105
16.1368
16.1509
16.404
16.2806
16.0423
16.274
16.1012
16.1069
16.1698
16.0294
16.3872
16.2982
16.2365
15.9859
16.0155
16.0802
16.0563
16.021
16.078
16.2033
16.0451
15.908
16.2766
16.0362
15.7526
16.0601
16.1426
15.8766
15.9516
15.8415
15.8809
15.8986
16.0701
15.7594
15.8768
16.0804
15.9984
15.6762
15.8288
15.763
15.8163
15.9194
15.8977
15.7232
15.8341
15.8955
15.836
15.8722
15.8281
15.755
15.6211
15.7545
15.8758
15.9033
15.9071
15.7362
15.8293
15.6839
15.4313
15.7195
15.6065
15.5762
15.5794
15.8971
15.8511
15.657
15.52
15.6749
15.5315
15.5271
15.586
15.5952
15.3616
15.4245
15.6311
15.4578
15.5986
15.6537
15.3345
15.6094
15.4747
15.5023
15.389
15.3509
15.2477
15.4509
15.6905
15.1371
15.3874
15.4124
15.1353
15.5324
15.5912
15.5047
15.5311
15.3785
15.6681
15.553
15.3507
15.5511
15.4726
15.1845
15.33
15.1528
15.2937
15.3778
15.2819
15.425
15.3781
15.189
15.1924
15.1821
15.3621
15.1318
15.1455
15.3092
15.2407
15.1924
15.2872
15.255
14.9896
15.2074
14.9427
15.3538
15.1187
15.3293
15.0519
15.229
14.9487
15.1728
15.0375
15.0789
15.0078
15.0243
15.1049
15.2261
14.9535
14.975
15.0655
14.8281
15.1844
15.0439
15.0778
14.9323
15.0644
14.9817
14.867
15.1531
15.0173
14.8062
14.8673
14.9356
14.9668
14.8141
14.9353
14.8881
14.9196
14.8805
14.9103
14.8417
14.8682
14.9475
14.8731
14.8437
14.5871
14.9635
14.6957
14.6395
14.8428
14.7655
14.8746
14.6184
14.591
14.9407
14.6458
14.9129
14.7991
14.6193
14.7149
14.4338
14.5723
14.7594
14.6898
14.7912
14.7794
14.8117
14.6567
14.5686
14.7472
14.6363
14.5721
14.7153
14.646
14.703
14.829
14.7312
14.6115
14.488
14.6332
14.4151
14.433
14.6075
14.4888
14.4806
14.6229
14.3632
14.4626
14.534
14.5016
14.4531
14.3008
14.3365
14.6455
14.4155
14.3165
14.2555
14.2379
14.3572
14.6044
14.5483
14.6351
14.4518
14.2693
14.224
14.3355
14.452
14.4408
14.3609
14.4411
14.3473
14.3911
14.375
14.2929
14.1907
14.3095
14.2314
14.2328
14.3692
14.362
14.2264
14.1969
14.1163
14.1903
14.3205
14.0964
14.168
13.9926
14.2667
14.2289
14.1915
14.1575
14.0711
14.1353
14.1041
14.292
14.1598
14.1476
14.2319
14.0567
14.1645
14.0794
14.3308
14.1122
14.0035
14.2907
14.2372
14.0552
14.0311
14.0648
13.9586
14.031
13.7978
13.8872
13.7191
14.0776
14.0332
13.8819
14.1881
14.0168
13.8247
13.9818
13.699
13.8057
13.9039
14.1809
13.9966
14.091
13.9876
13.5958
13.8647
13.811
13.8016
13.6988
13.8047
13.8221
13.7673
13.8853
13.7499
13.755
13.9622
14.2574
13.8073
13.863
13.7667
13.8417
13.9116
13.7785
13.8707
13.8564
13.6822
13.4285
13.8449
13.9733
13.7826
13.6974
13.7429
13.4177
13.9465
13.4783
13.9506
13.4364
13.6364
13.8355
13.6248
13.8289
13.388
13.6958
13.6823
13.5243
13.532
13.5333
13.7234
13.6017
13.5049
13.5684
13.6443
13.5258
13.6012
13.5336
13.6441
13.52
13.4704
13.4729
13.6511
13.3969
13.4214
13.5521
13.3486
13.2835
13.4697
13.3714
13.6066
13.6255
13.4569
13.3217
13.5315
13.5862
13.5004
13.3733
13.6721
13.338
13.3309
13.5708
13.337
13.5796
13.1931
13.4498
13.3978
13.4757
13.0133
13.2537
13.4199
13.3863
13.4706
13.209
13.4961
13.3565
13.3722
13.5641
12.9915
13.4621
13.2493
13.272
13.4497
13.4184
12.9997
13.478
13.1847
13.1322
13.551
13.1558
13.2649
13.0745
13.2891
13.2955
12.9809
13.3603
13.153
13.4065
13.1699
13.1641
13.0731
13.1134
13.0615
13.0582
12.9209
12.9955
13.1706
12.7172
13.1108
13.2292
12.9636
13.0891
13.0986
13.1953
13.2023
13.3076
13.3733
13.1719
13.2915
13.1203
12.9966
13.1759
13.2326
13.0025
13.2627
12.7667
13.0815
12.9955
13.2405
13.0357
13.0718
13.0238
12.7206
13.0195
12.7067
13.4037
13.0254
12.8772
13.1755
12.7516
12.7212
12.9413
12.9463
13.0559
12.7033
12.9626
12.7952
12.8118
12.8598
13.0382
12.5633
12.9072
12.9717
12.9221
12.7797
12.9249
12.6532
13.252
12.9032
12.6355
12.8023
12.5498
12.798
12.9744
12.6733
13.0337
12.7458
12.5261
12.9113
12.9023
12.7534
12.5691
12.5429
12.8898
13.0554
12.9933
12.9212
12.7906
12.549
12.8673
12.6853
12.7906
12.6368
12.6254
13.1124
12.7263
12.7037
12.6111
12.5874
12.6727
12.5343
12.8371
12.7188
12.4333
12.4591
12.7476
12.6798
12.5127
12.5515
12.3985
12.3214
12.5076
12.6611
12.604
12.559
12.7163
12.5345
12.5051
12.563
12.6216
12.5218
12.5685
12.5699
12.5397
12.4551
12.4361
12.6029
12.3645
12.3797
12.6517
12.336
12.4431
12.4733
12.2671
12.3894
12.2464
12.4127
12.252
12.4975
12.5005
12.4483
12.2452
12.4174
12.381
12.5606
12.5515
12.2835
12.0097
12.1918
12.3337
12.403
12.3196
12.2847
12.0665
12.4814
12.1348
12.2184
12.3903
12.0096
12.0568
12.1545
12.4208
12.1645
12.2254
12.2547
12.3678
12.4775
12.01
12.1191
12.2822
12.1223
12.2052
12.3
11.8976
12.0773
12.1598
12.11
12.2563
12.171
12.028
12.1923
12.1721
12.1538
12.2443
12.0355
11.796
12.1886
12.1218
12.1293
11.9854
12.2014
12.1254
12.1268
11.9348
12.1203
11.9951
12.1193
12.0638
11.9912
12.1623
11.8011
11.8647
12.1209
12.1095
11.7893
11.915
11.9171
12.1182
12.0773
11.7783
11.9684
11.7862
12.0694
11.9378
12.0084
11.9612
11.9253
11.9948
12.0857
11.9327
12.0265
11.8354
11.7627
12.1464
11.9691
12.2098
11.8852
11.6139
11.6901
11.9446
11.8779
11.7918
12.0564
11.8756
11.9283
11.6892
11.879
11.9157
11.6873
11.7661
11.9196
11.7511
11.6488
11.7704
11.6745
11.7146
11.6869
11.7707
11.76
11.5488
11.6786
11.7125
11.5734
11.6922
11.8063
11.6285
11.8017
11.8083
11.5892
11.9698
11.7472
11.5816
11.5382
11.731
11.6744
11.5956
11.6769
11.6808
11.7511
11.9273
11.879
11.533
11.7175
11.5296
11.4792
11.8268
11.5326
11.8277
11.4276
11.7031
11.5623
11.515
11.5748
11.6264
11.6037
11.6172
11.5705
11.4378
11.6012
11.6933
11.5062
11.7838
11.4087
11.3162
11.4556
11.2942
11.6286
11.359
11.4246
11.4042
11.5251
11.3929
11.7024
11.3822
11.6106
11.3122
11.5452
11.5126
11.5702
11.5101
11.5845
11.5187
11.6863
11.566
11.5184
11.5228
11.418
11.2012
11.3348
11.5081
11.23
11.4604
11.6483
11.5801
11.3897
11.5539
11.5206
11.4671
11.4828
11.2351
11.2506
11.2982
11.3712
11.1934
10.9196
11.3262
11.5818
11.2934
11.4456
11.6083
11.4353
11.3492
11.1272
11.3933
11.5213
11.1087
11.1604
11.5274
11.3378
11.3956
11.2758
11.4412
11.088
11.4377
11.1511
11.4139
11.3403
11.4853
11.034
11.1038
11.1184
11.0988
11.1053
11.1962
11.1773
11.0727
11.2792
11.1211
11.161
11.123
11.2024
11.2582
10.9289
11.2191
10.8902
11.2219
11.1641
11.042
10.8427
11.5271
11.2528
11.3577
11.3848
11.3698
11.4777
11.0548
11.1098
10.915
11.1386
11.1559
11.0891
11.1504
11.1414
11.2353
10.9274
10.9523
11.2472
11.1318
11.0667
10.6547
11.1205
11.0243
10.8141
11.0606
11.1773
10.9406
11.0886
10.9063
11.2165
10.8374
11.0093
10.8703
10.9826
10.7655
11.2849
10.8475
10.9991
11.0482
10.7465
10.7221
11.0701
10.8969
10.9441
10.9231
10.9121
11.2331
10.9392
10.9086
11.1516
11.3053
10.7694
10.936
10.8933
10.8184
11.2185
11.0428
10.7198
10.7729
10.9033
11.538
11.0632
11.2465
10.8884
10.8272
10.9191
10.809
10.6981
10.8646
10.8216
10.7441
10.7247
10.9737
11.1028
10.9708
11.0193
10.8345
10.8703
10.547
10.5765
11.3253
10.8055
10.9395
10.8704
10.8973
10.9923
10.8946
10.9856
10.6688
10.8898
10.7169
10.6195
10.9227
10.9783
10.7388
10.6977
10.519
10.8014
11.1669
10.9026
10.8345
10.7896
10.3752
10.5733
11.0028
10.5231
10.8969
11.0447
10.5261
10.7054
10.7205
10.6464
11.0492
10.9686
10.5887
10.4274
10.7112
10.5711
10.87
10.9906
10.5534
10.9909
10.6816
10.6504
10.6926
10.4979
10.5989
10.6298
10.5677
10.814
10.8042
10.9933
10.7395
10.7149
10.6773
10.5744
10.5298
10.6512
10.6379
10.1627
10.7241
10.3261
10.4359
10.7078
10.6947
10.4065
10.5115
10.7004
10.5306
10.6562
10.4526
10.5029
10.5068
10.331
10.4267
10.2842
10.616
10.4055
10.4786
10.2572
10.4836
10.5621
10.1752
10.3987
10.6557
10.4304
10.775
10.362
10.4109
10.3031
10.4076
10.5272
10.3628
10.255
10.2975
10.133
10.1049
10.4371
10.5653
10.5648
10.1551
10.4671
10.1323
10.098
10.3478
10.1202
10.5614
10.2686
10.4527
10.2828
10.4682
10.3692
10.2396
10.5194
10.1921
10.4029
10.373
9.95892
10.4501
10.5632
10.2361
10.386
10.2995
10.3609
10.353
9.97875
10.0706
10.3688
9.76955
10.3219
10.3387
10.0698
10.1284
10.2869
10.1455
10.1004
10.1163
10.3965
10.2154
10.2936
9.8855
10.1485
10.145
10.4576
10.2375
10.2064
10.3495
10.0673
10.2198
10.1746
10.1411
10.127
10.1253
9.946
10.1401
10.254
10.2213
9.85087
10.2615
10.2221
9.97385
10.0359
10.1239
10.203
10.1064
10.0922
10.3718
10.1541
10.4226
10.1843
10.005
10.0854
10.0997
10.0884
9.82479
10.2516
10.3247
9.91094
9.99566
10.1184
9.81538
10.2206
9.91955
9.9811
10.0969
10.0245
10.29
10.1904
10.061
10.0446
9.98497
9.99686
10.2816
9.80049
10.0816
10.0553
10.1046
10.0301
10.2026
10.1072
9.83019
9.78668
9.93794
9.70366
9.62836
9.89816
9.98163
9.72764
10.1548
10.2254
9.96858
10.131
9.87656
10.0023
9.74797
9.7375
9.70856
9.83397
10.0576
9.73617
10.092
9.83706
9.63884
9.91177
10.1669
10.0051
9.5847
10.0252
9.73281
9.71963
9.70992
9.93844
9.96272
9.58788
9.86516
10.0495
10.1023
9.91983
9.90472
9.73366
9.65736
9.71971
9.77631
9.89025
9.98366
9.86536
9.94446
9.96264
9.70388
9.9987
9.65408
9.76396
9.76467
9.91728
9.68024
9.74888
9.82013
9.54424
9.77251
9.82845
9.95173
9.89387
9.76171
9.8524
9.62594
9.60232
9.84161
9.59239
9.53478
9.83547
9.86493
9.82649
9.64762
9.51207
9.89599
9.60503
9.67444
9.58889
9.65937
9.64206
9.78872
9.38699
9.67868
9.79
9.40929
9.59093
9.55076
9.69516
9.6404
9.62735
9.88027
9.54333
9.79986
9.92517
9.28039
9.81035
9.8128
9.65727
9.58852
9.63103
9.59781
9.75091
9.7499
9.76156
9.74238
9.82204
9.7489
9.52649
9.48681
9.61052
9.52769
9.55732
9.7382
9.45537
9.76322
9.40846
9.46352
9.48786
9.48889
9.36963
9.52957
9.38061
9.17414
9.41169
9.39387
9.54584
9.09828
9.44903
9.7983
9.68704
9.4156
9.62593
9.31397
9.499
9.60464
9.46717
9.47228
9.21884
9.66236
9.45994
9.17299
9.60881
9.49482
9.36842
9.41931
9.55306
9.51006
9.41267
9.61001
9.38575
9.22755
9.47575
9.6378
9.25013
9.56348
9.57039
9.2057
9.2135
9.57254
9.44996
9.24481
9.37764
9.48822
9.48658
9.53593
9.10346
9.60484
9.54747
9.80812
9.57507
9.19018
9.42909
9.18331
9.04885
9.59828
9.21279
9.28598
9.04195
9.45664
9.24921
9.26189
9.38525
9.22855
9.2805
9.48013
9.43812
9.09651
9.57436
9.29601
9.31186
9.18028
9.28977
9.24854
9.09962
9.4441
9.16281
9.0766
9.32253
9.68226
9.14571
9.29817
9.25984
9.23593
9.44174
9.25021
9.38179
9.24098
9.1239
9.31034
9.12027
9.11418
9.13198
9.24883
9.23238
9.16827
9.3764
9.44627
9.17041
9.50587
9.28821
9.14421
9.29305
9.26517
9.14727
9.01528
9.38146
9.12573
9.12194
9.22211
9.08942
9.06131
9.20851
8.79663
9.07904
9.17256
9.01006
8.90775
9.28931
9.20121
9.11616
9.37348
9.00369
8.88832
8.82631
9.10796
9.05252
8.93332
8.91689
9.10249
9.04424
9.01629
9.44336
8.91369
9.08368
8.94959
9.06654
9.06143
9.05524
9.02024
9.00703
9.32992
8.93431
9.02946
9.10495
9.01642
8.98939
9.09938
9.11126
9.07419
9.10213
8.81766
8.87726
8.68421
9.0158
9.01949
8.94329
9.04164
8.73229
8.92562
9.17419
8.91153
9.04873
9.06125
9.09101
8.97177
9.0886
8.90414
8.98937
8.69576
9.0861
9.08284
8.78809
9.11259
8.85118
8.97061
9.12036
8.93659
8.86339
9.02406
9.25622
8.92376
8.80421
8.78707
9.10676
8.84772
8.73186
8.76414
9.00409
8.80632
8.79327
9.04096
8.653
8.81183
9.05561
8.64573
8.97219
8.85047
9.01243
8.8428
8.83225
8.99338
8.93691
8.81553
8.65426
9.03918
8.81963
8.70958
8.75834
8.91607
8.50885
8.94211
8.7826
8.55105
8.94689
8.85926
8.64757
8.99699
8.59214
8.97481
8.86657
8.524
8.78637
8.69803
8.62019
8.79672
8.60012
8.78764
8.82093
8.91177
8.94236
8.81768
8.82716
8.89075
8.71447
8.87282
8.64341
8.74728
8.90287
8.64468
8.69785
8.65155
8.66208
8.62488
8.80693
8.63947
8.54186
8.50018
8.64329
8.67291
8.71249
8.61536
8.7301
8.81862
8.6605
8.45984
8.80171
8.62824
8.57578
8.8355
8.68962
8.73247
8.93212
8.71364
8.44579
8.69911
8.71979
8.71432
8.50803
8.40419
8.59525
8.75805
8.70051
8.63361
8.66278
8.88902
8.5492
8.6281
8.57281
8.54935
8.41149
8.58414
8.71421
8.74738
8.57001
8.39362
8.60627
8.62678
8.52684
8.4256
8.40503
8.62991
8.62315
8.40213
8.39987
8.47288
8.51669
8.36384
8.29267
8.65603
8.59391
8.73685
8.60457
8.4429
8.69464
8.35873
8.54258
8.71994
8.5364
8.46384
8.40349
8.28809
8.5958
8.48927
8.63059
8.71298
8.40832
8.56688
8.43382
8.51967
8.53577
8.5522
8.59406
8.26641
8.51817
8.22686
8.17814
8.44268
8.2667
8.41235
8.31133
8.33139
8.22181
8.47956
8.37004
8.51971
8.34561
8.26336
8.42499
8.49238
8.47374
8.38965
8.39757
8.4699
8.52715
8.33953
8.40807
8.39158
8.39898
8.28441
8.5377
8.34869
8.415
8.39994
8.43088
8.47102
8.34691
8.29364
8.23752
8.23815
8.41918
8.25759
8.37034
8.48532
8.10765
8.23153
8.41809
8.3486
8.35703
8.49041
8.28377
8.44418
8.35833
8.36151
8.3033
8.36582
8.55002
8.3425
8.32345
8.35013
8.35724
8.24742
8.22946
8.50366
8.24447
8.3497
8.30687
8.2729
8.30717
8.3005
8.32123
8.34406
7.9671
8.22865
8.09307
8.15854
8.14268
8.18682
8.22904
8.16338
8.28746
8.21055
8.08489
8.15893
8.24574
8.23481
8.3041
8.39282
8.13416
8.36843
8.34823
7.94383
7.87048
8.1972
8.10241
8.11089
8.07187
8.35121
8.19995
8.34091
8.15046
8.26437
8.06316
8.29989
7.82993
7.85721
8.05611
8.22268
8.04308
8.23506
8.12904
8.08233
8.13008
8.16444
8.07248
7.97874
7.9355
8.02361
8.29849
8.37372
8.33114
8.24516
7.91728
8.28621
7.72416
7.71438
8.27775
8.30999
8.27121
8.00923
8.07192
8.15656
8.15998
8.12429
8.2333
8.16712
8.12611
7.96585
8.18294
7.85403
7.99821
8.03151
8.16102
7.89854
7.99781
8.27337
8.03304
7.9923
8.19063
8.21246
8.1344
7.86036
8.18379
8.15212
8.14241
7.99066
8.17163
8.21425
8.07758
7.95371
8.19196
8.35858
7.94378
7.94806
7.92685
8.02911
8.11341
7.97647
7.93906
8.03688
7.91326
7.73941
7.90222
7.99976
8.00602
7.76417
7.96635
8.09611
8.10876
7.73488
7.84091
8.10801
7.89207
7.70823
8.20167
7.98645
8.03204
7.70655
7.98545
7.98258
7.85836
7.90849
7.93011
8.02101
7.90641
7.88545
7.94173
7.95031
7.58194
8.0886
7.92293
8.12318
7.99656
7.90208
7.9112
7.94991
8.11396
7.91647
7.85971
7.99375
7.9499
8.03878
8.01884
7.88848
8.20968
7.93926
7.93551
8.01814
7.90243
7.76463
8.05512
7.96291
7.83716
7.78502
7.84247
7.96999
8.01836
7.99355
7.71906
7.80314
7.84701
7.71752
7.84258
7.72323
7.81146
7.76496
7.89707
7.66511
7.77575
7.75999
7.821
7.80981
7.9669
7.99278
7.85079
7.77425
7.80576
7.85967
7.97487
7.81542
7.70097
7.62825
7.88902
7.76397
7.70199
7.87659
7.89582
7.95741
7.712
7.81873
7.60706
8.00469
7.7741
8.06522
7.78524
8.11029
7.9055
7.6728
7.72435
7.53371
7.63912
7.81358
8.05256
7.8242
7.68516
7.82256
7.85782
7.6211
7.58503
8.11472
7.82725
7.86594
7.78278
8.05219
7.82827
7.74248
7.86055
7.63873
7.71234
7.73734
7.78564
7.77382
7.72251
7.62452
7.77328
7.61728
7.74993
7.55488
7.8783
7.5421
7.75433
7.91865
7.63857
7.59574
7.63226
7.79437
7.68981
7.7195
7.64788
7.82596
7.67866
7.6366
7.79474
7.57889
7.6503
7.62032
7.46812
7.76043
7.59924
7.77307
7.52595
7.57744
7.72626
7.76385
7.34211
7.90158
7.64416
7.69242
7.61964
7.68012
7.71589
7.83617
7.59152
7.53139
7.55978
7.65687
7.70213
7.60589
7.56293
7.68292
7.56786
7.51236
7.25032
7.62605
7.52962
7.75983
7.567
7.78154
7.72407
7.69838
7.66697
7.57873
7.58299
7.63725
7.631
7.66997
7.65047
7.4921
7.73404
7.73732
7.62577
7.60883
7.48334
7.50229
7.4921
7.56891
7.59636
7.69487
7.63142
7.68796
7.53203
7.7567
7.31435
7.38259
7.36324
7.77072
7.55058
7.49927
7.61802
7.42015
7.51563
7.45015
7.71398
7.30603
7.45707
7.5372
7.55303
7.44411
7.27292
7.52988
7.53665
7.62641
7.64005
7.40701
7.68355
7.60955
7.36459
7.63016
7.55005
7.35242
7.18689
7.4088
7.28709
7.27475
7.48526
7.09027
7.45067
7.56952
7.62528
7.52186
7.48903
7.4431
7.6561
7.50314
7.52652
7.61946
7.53339
7.36419
7.55896
7.38211
7.66223
7.37495
7.48736
7.6016
7.44104
7.2404
7.28232
7.45608
7.24906
7.31418
7.15782
7.31084
7.29658
7.34301
7.35324
7.44151
7.2274
7.47479
7.55163
7.60364
7.22279
7.42801
7.59462
7.26518
7.46221
7.44083
7.53227
7.5759
7.57243
7.49006
7.54019
7.65327
7.28192
7.38935
7.52391
7.33584
7.29754
7.17262
7.55799
7.28145
7.34772
7.1386
7.30968
7.41066
7.37521
7.30038
7.52206
7.45189
7.48147
7.43025
7.39305
7.47501
7.23898
7.08719
7.64488
7.31168
7.36202
7.41143
7.35412
7.53694
7.37288
7.1727
7.25104
7.17912
7.40784
7.37193
7.11851
7.30609
7.33489
7.43986
7.26146
7.36593
7.34537
7.19129
7.49958
7.00698
7.22843
7.35138
7.27999
7.17534
7.46375
7.22288
7.36166
7.1946
7.33638
7.26851
7.33014
7.26913
7.38165
7.46431
7.27686
7.32546
7.1483
7.42501
7.27027
7.10718
7.04794
7.01655
7.17844
7.13892
7.40486
7.26395
7.37659
7.19422
7.34866
7.05551
7.16379
7.12735
7.32077
7.3082
7.27642
7.19689
7.03127
6.97005
7.22396
7.17483
7.10011
7.3723
7.16333
7.15479
7.18113
7.38475
7.09056
6.99377
7.35322
7.15991
7.11164
7.02793
7.10386
7.14137
7.15558
7.19126
7.34036
7.11615
7.08088
7.29556
7.17084
7.22369
7.31275
7.04555
7.10604
7.08766
7.33134
7.50345
7.08599
7.18188
7.10698
7.047
7.09614
7.01388
7.26133
7.09696
7.07921
7.11695
7.21083
7.20512
7.12581
7.15667
7.05151
7.37436
7.14566
7.09915
7.07197
6.98168
7.00203
7.18574
7.22538
7.17167
7.29893
7.09805
7.10148
6.96096
7.05627
7.13027
7.02521
7.27952
7.11243
7.16466
7.31893
7.2086
6.88188
7.06682
6.89956
7.02495
7.06597
7.13858
7.07428
7.28526
7.07055
7.31657
7.12537
7.33307
7.09314
6.97632
7.14353
7.04941
6.96407
7.1908
7.1744
7.12181
7.09521
7.29267
7.05731
7.05147
7.20669
7.09473
7.15224
7.22182
7.01275
6.98928
7.13155
6.94586
7.16336
6.96343
6.97665
7.04962
7.20297
6.97891
7.00568
7.04902
6.91512
7.02552
7.11121
6.94533
6.87926
7.03284
7.09806
7.19248
7.24895
6.9673
6.79466
6.82495
6.98762
6.82736
7.00466
7.03283
7.0017
7.14453
6.93946
7.06987
6.89213
7.00159
6.99094
7.07926
7.02658
6.97148
6.86249
6.99919
7.18889
6.92949
6.81318
7.03929
6.88196
6.87841
7.05862
6.89982
6.98772
7.04935
6.85438
6.9867
7.18292
6.75972
7.10866
7.11236
6.97863
6.89162
7.04463
7.10367
6.97643
6.98439
6.78077
7.15108
7.00745
6.69124
6.92408
6.79534
7.13819
7.0545
6.89876
7.01241
6.8659
6.92661
7.22232
7.07572
7.18667
7.03191
7.01645
6.85392
7.03167
6.90965
6.82168
6.78049
6.96928
6.75704
6.92958
6.88158
6.84265
6.77395
6.96955
6.94444
7.00859
7.01421
6.81538
6.92611
6.95997
6.95999
7.04304
6.78327
6.94285
7.06606
6.97207
6.80204
6.8706
6.80467
6.99747
6.71617
6.82705
6.94939
7.01195
6.81141
6.8972
6.93585
6.9007
6.57516
7.31995
7.12293
6.94386
6.77107
6.71185
6.88632
6.75887
6.811
6.97336
7.04276
6.94919
6.84037
6.73566
6.70085
7.00162
6.87124
7.00472
6.56589
6.73462
6.74914
6.79207
6.80749
6.91333
6.93611
6.67304
7.042
6.8273
6.8479
6.9091
6.8021
6.73389
6.83085
6.976
6.9307
6.77989
6.9065
6.7619
6.88276
6.75021
6.77739
6.88218
6.65958
6.96925
6.82401
6.76087
6.71102
6.84489
6.78569
6.76693
6.75916
6.70328
6.73296
6.84569
6.64552
6.76708
6.75721
6.62951
6.83626
6.83691
6.67891
6.70398
6.80245
6.99068
6.93494
6.78507
6.51611
6.83018
6.73417
6.8891
6.86677
6.66051
6.68561
6.72307
6.87147
6.85952
6.63694
6.6969
6.73101
6.68364
6.62024
6.72511
6.61053
6.52527
6.68275
6.80789
6.54565
6.69961
6.76146
6.73925
6.8914
6.5321
6.67184
6.88269
6.68995
6.65249
6.72126
6.81835
6.71122
6.8188
6.80071
6.84706
6.80458
6.3746
6.78803
7.01491
6.75739
6.60806
6.64271
6.82743
6.46412
6.85745
6.54117
6.61649
6.9263
6.61687
6.56748
6.5759
6.59689
6.75491
6.99285
6.58568
6.76836
6.76322
6.90759
6.741
6.37294
6.74128
6.73661
6.66782
6.66947
6.93741
6.65723
6.78444
6.96136
6.62354
6.58582
6.56987
6.47348
6.51941
6.86909
6.83523
6.77261
6.94461
6.63158
6.7356
6.71013
6.73172
6.76655
6.67368
6.51367
6.92396
7.0046
6.58149
6.45008
6.71726
6.72006
6.53232
6.99413
6.94388
6.46421
6.5318
6.66777
6.86698
6.77578
6.70078
6.81815
6.61733
6.8249
6.69006
6.78862
6.60517
7.12545
6.57921
6.86844
6.74323
6.8177
6.88265
6.56165
6.72836
6.63928
6.87673
6.56276
6.81825
6.72029
6.82173
6.46201
6.42432
6.52745
6.58199
6.52749
6.64495
6.53776
6.62062
6.75196
6.70755
6.48978
6.43948
6.58258
6.67004
6.50406
6.48591
6.58122
6.781
6.90519
6.73531
6.65256
6.6928
6.84733
6.63169
6.66081
6.66348
6.47551
6.64571
6.71375
6.576
6.75839
6.53603
6.35223
6.41493
6.53472
6.6689
6.61737
6.47588
6.52978
6.81773
6.466
6.74941
6.69583
6.56815
6.62721
6.56115
6.67274
6.66575
6.5016
6.33507
6.42948
6.47647
6.66508
6.58161
6.57182
6.4268
6.50354
6.48788
6.88868
6.50485
6.58066
6.48937
6.50591
6.41251
6.6277
6.40494
6.35175
6.50792
6.52567
6.52525
6.55674
6.55582
6.71649
6.55816
6.5817
6.39882
6.58184
6.51525
6.51179
6.59286
6.49072
6.76559
6.56157
6.57329
6.64534
6.58565
6.61879
6.47732
6.48668
6.71287
6.34142
6.4966
6.59607
6.53361
6.44315
6.25046
6.40442
6.55189
6.53848
6.53884
6.62396
6.60304
6.58884
6.73451
6.48692
6.39246
6.60099
6.441
6.50211
6.69883
6.63606
6.58771
6.51301
6.63427
6.43827
6.54429
6.55762
6.46448
6.32981
6.3544
6.39242
6.38946
6.37268
6.35953
6.44549
6.45615
6.42433
6.31994
6.42732
6.41219
6.31265
6.29205
6.46288
6.56208
6.30452
6.39807
6.34374
6.48666
6.64589
6.37685
6.46689
6.54939
6.47193
6.22769
6.3813
6.44194
6.35692
6.44354
6.52159
6.46712
6.3195
6.49522
6.51314
6.42918
6.34897
6.48064
6.35126
6.3982
6.50527
6.59337
6.25204
6.45334
6.29724
6.26361
6.49907
6.5459
6.58612
6.46191
6.27424
6.25344
6.48638
6.23488
6.23873
6.54504
6.39052
6.23062
6.44433
6.35167
6.61332
6.3214
6.31003
6.57147
6.32532
6.22279
6.32735
6.25066
6.3806
6.21946
6.2957
6.31994
6.38679
6.11707
6.26113
6.55863
6.46421
6.26115
6.54946
6.35212
6.46591
6.26331
6.45626
6.41552
6.40373
6.4935
6.67015
6.3079
6.39286
6.38202
6.29409
6.55216
6.28994
6.36533
6.2708
6.54328
6.41576
6.34962
6.41342
6.23654
6.37231
6.38589
6.20715
6.21753
6.45263
6.24786
6.11148
6.48942
6.16532
6.24145
6.15175
6.31285
6.33355
6.40428
6.48149
6.18286
6.26485
6.30186
6.20091
6.42786
6.20683
6.39918
6.36518
6.29434
6.36443
6.28912
6.24204
6.3498
6.32006
6.23909
6.16427
6.29797
6.36249
6.18457
6.23336
6.17906
6.4411
6.40403
6.37332
6.26997
6.23243
6.34651
6.267
6.1953
5.97953
6.21149
6.28598
6.12634
6.15513
5.98563
6.10818
6.38212
6.2944
6.71113
6.40097
6.33064
6.07698
6.16033
6.35682
6.4009
6.23517
6.33377
6.40951
6.23549
6.15925
6.20669
6.27199
6.43571
6.21913
6.43242
6.13153
6.26615
6.31237
6.10141
6.27351
6.3288
6.14669
6.14069
6.32757
6.20676
6.18399
6.25556
6.20227
6.26757
6.48072
6.33903
6.1646
6.17447
6.33042
6.29418
6.36193
6.31326
6.36267
6.00286
6.40247
6.15096
6.27848
6.0745
6.39075
6.1355
6.41907
6.14022
6.40393
6.2177
6.04139
6.34502
6.33951
6.34333
6.13247
6.25422
6.27974
6.23683
6.19301
6.04146
6.22323
6.23412
6.37088
6.10003
6.00175
6.06984
6.33091
6.12192
6.1696
6.16134
6.14399
6.45751
6.31373
6.18453
6.12235
6.33308
6.05323
6.01526
6.41412
6.25399
5.92085
6.47447
6.34368
6.42223
6.31625
6.06757
6.17477
6.27442
6.21638
6.20362
6.20672
6.41633
6.3092
6.25772
6.00414
6.20839
6.27054
6.40624
6.05805
6.18586
6.19197
6.15368
6.39741
6.18994
6.3192
6.23442
6.14093
6.15055
6.32196
6.18488
6.09142
6.16526
6.09
5.93026
6.19217
6.25268
6.09026
6.12946
6.08729
6.24019
6.15201
6.1709
6.07358
6.26143
6.0736
6.13307
6.11811
6.05391
6.14584
6.08395
6.08975
6.02772
6.05396
6.24119
6.20527
6.06331
6.29043
6.14737
5.93305
6.16127
6.18605
6.01196
6.15379
6.12922
6.07961
6.16765
6.40961
6.14118
6.06354
6.33709
6.23322
6.14142
6.05219
6.0964
6.22185
6.14176
6.2825
6.27897
6.3158
6.04153
6.44853
6.34035
6.0743
6.08482
5.83405
6.31273
6.11199
6.1223
6.09301
5.99032
6.1469
5.9424
6.41485
6.04813
6.26141
6.20136
6.0073
6.12632
6.17165
6.21488
6.11604
6.29262
6.14986
6.22724
5.91754
6.20408
6.10752
6.05705
6.12224
6.05182
6.15904
6.13005
6.1051
6.32842
6.12317
6.05959
5.89373
6.31463
6.08273
6.19954
6.05796
6.18642
6.06047
6.21118
5.9974
6.19217
6.02037
6.06951
6.00197
6.02619
5.96621
6.12794
6.02161
5.953
5.88667
6.25446
5.94534
6.02142
6.00053
6.1587
6.02578
6.00255
6.22008
6.05383
5.97648
6.13042
6.20106
6.08563
6.10667
6.16477
6.12189
6.0863
6.07937
6.07818
6.16617
6.19291
6.37286
5.95268
6.02091
5.93949
5.98132
6.05807
6.03194
6.01517
6.02391
6.04388
5.84846
6.13182
6.0988
5.95331
6.03843
6.23354
5.72599
5.82318
5.94926
5.82734
6.06529
5.94565
5.94174
5.9508
6.06238
6.04124
5.91308
6.01607
5.77918
5.92956
5.93783
6.01869
6.07632
6.05667
5.93906
6.01929
5.99938
5.90595
6.00681
6.07756
6.13079
6.10119
6.09941
5.98094
5.98184
5.97409
5.96435
6.10155
6.10044
5.98646
6.01956
5.95355
5.72869
5.85285
6.12961
6.13625
5.83576
6.14264
6.21102
5.94892
6.05411
6.05252
6.21797
5.8862
5.98789
5.93586
6.06843
6.11858
5.82322
6.10645
5.91609
6.0606
6.16649
5.9493
6.07487
6.08582
6.18474
6.02223
6.04305
6.03917
5.84903
6.00331
6.02725
6.05884
5.9756
5.85493
6.08941
6.08574
5.97341
5.94923
6.05365
5.93296
5.98465
5.91844
5.96438
5.98785
5.90481
5.97716
5.95338
6.0211
5.81896
5.92712
5.93594
6.02008
5.85378
5.91049
6.23092
6.01643
5.99095
5.89219
6.03455
5.89168
6.09113
5.8803
6.1261
6.0106
6.03517
5.77281
5.88912
5.85339
6.01289
6.02982
6.04215
6.10696
5.926
5.98053
5.85306
5.9328
5.92119
6.06075
5.92024
5.98712
5.95224
6.01071
6.14389
5.92059
5.75899
6.04249
5.98154
5.9251
5.69483
5.96762
5.88985
6.02448
6.00377
5.85416
5.93768
6.10158
5.95412
5.91297
5.91107
6.10973
5.85384
6.08193
5.93738
5.97994
5.96431
5.85819
5.78578
6.05301
5.84283
5.80213
6.03336
5.83469
6.01804
6.03798
5.87985
5.84808
5.87217
5.94439
6.05433
5.98003
5.79768
6.12902
6.05749
6.01933
5.85146
6.05393
5.96427
5.90809
5.99748
5.79932
5.98587
5.96169
5.93884
6.16101
5.80619
5.73948
5.93445
5.75808
5.93574
5.72018
5.80609
5.83269
5.81067
5.91225
5.8878
5.79503
5.93371
5.74054
5.93696
5.90927
6.01363
5.86681
6.03847
5.69009
5.9938
5.82947
5.82837
5.75374
5.97904
5.83071
5.99013
5.59186
5.84555
5.78536
5.8398
5.98077
5.86626
5.92835
5.78571
6.01075
5.8054
5.97151
5.8493
5.7606
5.86538
5.87301
5.7139
5.96205
5.98323
5.95166
5.85813
5.90804
6.15903
5.82633
5.78061
6.06706
5.79262
5.93155
5.71469
6.00505
5.8102
5.87789
5.78409
5.82495
5.96638
5.81653
5.83751
5.84345
5.94655
5.77106
5.91707
5.84854
6.04827
5.795
5.58937
5.7419
5.93187
5.9121
5.68455
5.86415
5.88156
5.824
6.06154
5.95595
5.871
5.93535
5.83823
5.82989
5.8076
6.08046
5.7501
5.83712
5.8722
5.77177
5.82496
5.82827
5.79478
5.74927
5.77076
6.0946
5.85568
5.84318
5.70337
5.66205
5.73224
5.82118
5.85551
5.82854
5.87072
5.81443
5.76785
5.73653
5.89104
5.63285
5.72684
5.70807
5.71501
6.05134
5.91802
5.89131
5.80901
6.02529
6.01985
5.53348
6.00868
6.0977
5.7459
5.77993
5.89986
5.69748
5.69434
5.70346
5.67987
5.61002
5.74608
5.81265
5.78983
5.78386
5.77095
5.99815
5.70589
5.79257
5.76567
5.78575
5.87256
5.88675
5.65451
5.84171
5.6562
5.90967
5.94767
5.91235
5.71069
5.7866
5.79244
5.75655
5.99657
5.60032
5.77119
5.60398
5.87469
5.94251
5.75357
5.69607
5.86725
5.81029
5.8141
5.52021
5.75138
5.55458
5.97789
5.64761
5.76165
5.92308
5.76835
5.63014
5.79165
5.60161
5.65886
5.74751
5.79877
5.58166
5.74655
5.90735
5.66024
5.69412
5.5707
5.76748
5.75494
5.63444
5.80562
5.60062
5.77216
5.73868
5.88901
5.71559
5.60472
5.78245
5.65491
5.56085
5.65399
5.80681
5.77502
5.78778
5.99047
6.11696
5.71051
5.81281
5.9156
5.91772
5.77204
5.7213
5.68373
5.69681
5.83738
5.96314
5.80937
5.80477
5.77041
5.83137
5.65267
5.59441
5.53359
5.89664
5.90724
5.50622
5.7797
5.7357
5.63754
5.61329
5.79831
5.65991
5.74583
5.72248
5.65812
5.75098
5.8287
5.82887
5.74592
5.85101
5.60812
5.69043
5.9279
5.4901
5.75622
5.56118
5.80658
5.91239
5.95901
5.60616
5.86537
5.64621
5.66552
5.61058
5.80667
5.62932
5.62566
5.60215
5.817
5.43565
5.61198
5.69094
5.86012
5.73451
5.69821
5.44084
5.63868
5.6677
5.76067
5.59593
5.4759
5.48259
5.69198
5.63273
5.79884
5.71406
5.52782
5.76579
5.65152
5.84155
5.65652
5.49264
5.79016
5.50318
5.87247
5.8038
5.77753
5.76728
5.68299
5.7174
5.57199
5.72039
5.44111
5.60375
5.79311
5.71558
5.9662
5.86967
5.6782
5.77235
5.74946
5.82874
5.75732
5.46079
5.66992
5.77116
5.58711
5.78812
5.64721
5.80098
5.83931
5.71618
5.82128
5.63159
5.78883
5.68389
5.72899
5.83891
5.6557
5.81039
5.89408
5.49269
5.66794
5.72822
5.52653
5.65417
5.70918
5.56911
5.73244
5.61747
5.48664
5.45058
5.35257
5.69324
5.84482
5.71821
5.77328
5.63269
5.48296
5.75565
5.69818
5.56381
5.62376
5.80357
5.69118
5.60308
5.63403
5.63184
5.61937
5.843
6.05324
5.68496
5.73303
5.73534
5.9188
5.6419
5.93204
5.54648
5.5148
5.6691
5.54031
5.70439
5.57651
5.80734
5.69718
5.86244
5.70166
5.68253
5.76333
5.61096
5.59009
5.56841
5.73661
5.60581
5.33039
5.64286
5.59347
5.545
5.71458
5.69923
5.65822
5.58674
5.39996
5.68876
5.75602
5.67902
5.57224
5.63151
5.64105
5.70976
5.65893
5.45636
5.63205
5.70543
5.46208
5.49858
5.83385
5.70357
5.56881
5.57069
5.78378
5.5334
5.67649
5.83459
5.67774
5.43466
5.45728
5.6324
5.71941
5.55547
5.47763
5.52255
5.81716
5.45318
5.7127
5.47411
5.45225
5.85733
5.68253
5.46171
5.49237
5.53364
5.72756
5.71132
5.66113
5.49279
5.56774
5.61816
5.65369
5.72149
5.64783
5.46729
5.67014
5.40701
5.69142
5.53049
5.93486
5.59946
5.40203
5.78671
5.47948
5.23522
5.6678
5.76179
5.42848
5.50352
5.45956
5.7096
5.58635
5.4305
5.49345
5.62912
5.59109
5.68898
5.70998
5.53749
5.62353
5.6675
5.81712
5.64069
5.60503
5.64606
5.75731
5.67423
5.65346
5.50691
5.7212
5.68577
5.81989
5.64747
5.63376
5.47912
5.56126
5.78864
5.71206
5.57499
5.46825
5.69163
5.4427
5.69892
5.41273
5.85956
5.64096
5.47158
5.77659
5.82662
5.68972
5.46783
5.62957
5.48058
5.51838
5.51289
5.58507
5.7503
5.58034
5.55619
5.57217
5.50343
5.65466
5.48666
5.61769
5.55697
5.40617
5.68641
5.41295
5.60617
5.54503
5.50895
5.37641
5.49821
5.41106
5.4237
5.62966
5.54236
5.52203
5.42054
5.71939
5.66713
5.49235
5.47308
5.68914
5.60633
5.70559
5.65898
5.54542
5.54609
5.70674
5.69699
5.61635
5.69201
5.54093
5.4365
5.48926
5.51932
5.58726
5.70821
5.63727
5.53899
5.69418
5.41241
5.57713
5.79851
5.5656
5.47388
5.68098
5.57759
5.47874
5.65288
5.48462
5.50015
5.43136
5.59813
5.61796
5.55215
5.5832
5.59699
5.64162
5.56764
5.40166
5.58057
5.52705
5.52166
5.40516
5.45035
5.53471
5.37092
5.67026
5.68107
5.48483
5.40891
5.65737
5.36865
5.8287
5.45924
5.63828
5.58828
5.46661
5.63878
5.47316
5.45827
5.44807
5.48854
5.56938
5.51098
5.41266
5.49855
5.61083
5.48719
5.71012
5.45753
5.33966
5.48252
5.48417
5.42101
5.42255
5.62548
5.52868
5.40232
5.96328
5.28315
5.6357
5.52323
5.64172
5.69482
5.42733
5.50851
5.64963
5.55281
5.64724
5.7079
5.52782
5.41508
5.57658
5.57537
5.52789
5.50496
5.4653
5.61375
5.60491
5.58358
5.49603
5.56895
5.47942
5.50683
5.69417
5.77047
5.60724
5.44392
5.45996
5.46166
5.44889
5.47997
5.68775
5.45238
5.61098
5.63967
5.45533
5.51359
5.52195
5.59036
5.46036
5.57256
5.42231
5.58033
5.42646
5.61871
5.51278
5.44904
5.43671
5.53139
5.36838
5.50541
5.53183
5.35855
5.46469
5.56477
5.65797
5.49393
5.59263
5.50592
5.72981
5.41494
5.32796
5.51746
5.4313
5.31114
5.43181
5.32721
5.5586
5.64828
5.68364
5.45195
5.46753
5.3437
5.40343
5.48003
5.68275
5.47375
5.39989
5.47541
5.54561
5.39592
5.69859
5.66081
5.60602
5.38719
5.64082
5.59238
5.77677
5.35094
5.73004
5.42854
5.39438
5.57635
5.52886
5.61085
5.59241
5.53114
5.36208
5.51932
5.43184
5.29481
5.59306
5.55052
5.37168
5.52083
5.66051
5.49414
5.46316
5.43271
5.45135
5.68256
5.51735
5.47507
5.47435
5.48296
5.61085
5.48638
5.59726
5.56346
5.67092
5.59304
5.59433
5.43653
5.42031
5.56925
5.41541
5.54617
5.38016
5.40092
5.40843
5.5579
5.43035
5.46372
5.70355
5.54683
5.56716
5.22091
5.62
5.43429
5.49783
5.49481
5.33877
5.43173
5.6468
5.5703
5.6507
5.40719
5.4982
5.61632
5.36433
5.62357
5.4896
5.46753
5.63113
5.37804
5.39784
5.25608
5.58881
5.65557
5.72295
5.34499
5.41775
5.24344
5.56756
5.67433
5.69569
5.29081
5.38459
5.55659
5.48534
5.57334
5.53531
5.38535
5.29448
5.4087
5.6591
5.53207
5.62985
5.54771
5.57913
5.68571
5.50148
5.2546
5.50569
5.45984
5.50324
5.34226
5.18769
5.55556
5.35429
5.74245
5.45323
5.34056
5.48303
5.47102
5.58287
5.61626
5.38724
5.5029
5.57788
5.51061
5.55869
5.50249
5.92041
5.46889
5.2815
5.29968
5.53835
5.66202
5.72296
5.55192
5.3992
5.51202
5.66236
5.86518
5.53484
5.52448
5.53279
5.23757
5.60702
5.56121
5.5645
5.55308
5.62953
5.644
5.44312
5.63357
5.5555
5.53673
5.50802
5.25715
5.40453
5.36297
5.63554
5.47728
5.6501
5.51824
5.64085
5.59362
5.62803
5.49614
5.47634
5.7057
5.3154
5.44654
5.62009
5.51068
5.56043
5.32038
5.66186
5.26483
5.47989
5.35219
5.83605
5.47526
5.40533
5.79289
5.41315
5.65093
5.47653
5.65415
5.50908
5.27937
5.77861
5.29568
5.70847
5.45381
5.56033
5.65633
5.88076
5.39321
5.70395
5.37261
5.67972
5.6646
5.54791
5.71541
5.46509
5.43315
5.58184
5.56034
5.43774
5.58377
5.55462
5.58889
5.56098
5.5054
5.32713
5.59715
5.29264
5.53069
5.44049
5.51718
5.38587
5.57977
5.68996
5.54134
5.36579
5.52957
5.52812
5.81245
5.47788
5.41465
5.06171
5.43605
5.86466
5.61824
5.65671
5.65202
5.58808
5.7397
5.62083
5.75801
5.63249
5.77308
5.73921
5.40222
5.74776
5.43005
5.7498
5.9161
5.88023
5.99863
5.48065
5.95144
5.60792
5.64662
5.59593
5.62436
5.56878
5.39867
5.46876
5.54544
5.80474
5.74292
5.6715
5.39244
5.76189
5.46583
5.73429
5.46034
5.86621
5.75073
5.45508
5.48952
5.68228
5.918
5.73862
5.57891
5.48167
5.47384
5.36294
5.7888
5.76554
5.63768
5.62384
5.67118
5.63902
5.42895
5.45483
5.3971
5.493
5.50724
5.61595
5.56234
5.50121
5.2161
5.73053
5.36982
5.80636
5.58701
5.54559
5.47485
5.40352
5.67719
5.77908
5.58685
5.4369
5.48051
5.33419
5.45049
5.26879
5.47021
5.71111
5.4064
5.48346
5.64999
5.60753
5.43027
5.70299
5.48446
5.57909
5.45893
5.46805
5.36553
5.53748
5.30156
5.26472
5.30394
5.8276
5.29714
5.48301
5.32442
5.67899
5.57126
5.57616
5.71732
5.24027
5.59817
5.76936
5.63893
5.54733
5.53576
5.55072
5.52839
5.40428
5.48231
5.41447
5.56743
5.57403
5.78156
5.40915
5.58269
5.5073
5.54618
5.3964
5.66852
5.65
5.49388
5.3312
5.20536
5.23739
5.48282
5.66839
5.57389
5.36169
5.72922
5.77555
5.39122
5.4455
5.31822
5.405
5.6838
5.3052
5.68178
5.6782
5.71656
5.64573
5.8016
5.63316
5.29476
5.36809
5.59771
5.54436
5.24338
5.6488
5.64643
5.39364
5.57462
5.61126
5.71302
5.42381
5.26196
5.4692
5.50862
5.32741
5.32207
5.67674
5.36363
5.43586
5.58116
5.34641
5.26645
5.48461
5.53972
5.72782
5.6486
5.05322
5.45726
5.46111
5.21546
5.1244
5.64456
5.4907
5.44532
5.48106
5.74823
5.37401
5.36166
5.73139
5.32227
5.51017
5.53027
5.62713
5.42142
5.36796
5.71107
5.52175
5.35663
5.50145
5.58926
5.28219
5.3678
5.36667
5.47718
5.83004
5.5429
5.32639
5.45483
5.26205
5.3907
5.67792
5.55208
5.64915
5.55955
5.63748
5.4183
5.36747
5.16121
5.64065
5.56925
5.53752
5.64761
5.64923
5.37366
5.48822
5.48805
5.38512
5.53488
5.36049
5.41138
5.66785
5.63809
5.76432
5.54112
5.51639
5.37864
5.38941
5.37446
5.56647
5.5776
5.53185
5.53091
5.15088
5.55542
5.67206
5.10225
5.57729
5.51008
5.55426
5.35587
5.57861
5.43426
5.49388
5.36122
5.41048
5.56559
5.33072
5.52256
5.27758
5.53531
5.50452
5.52223
5.33612
5.45591
5.35436
5.4278
5.46924
5.33694
5.47708
5.20873
5.16476
5.39998
5.46292
5.38211
5.3405
5.26971
5.35991
5.74964
5.30535
5.51794
5.45687
5.68439
5.21287
5.5622
5.7561
5.41723
5.32151
5.28874
5.68305
5.57525
5.52946
5.20003
5.68919
5.66451
5.52339
5.71389
5.45318
5.68204
5.60241
5.60067
5.70474
5.40643
5.42973
5.75147
5.51454
5.48784
5.80566
5.57679
5.48844
5.30054
5.60505
5.73309
5.60308
5.55342
5.35147
5.55237
5.57055
5.60362
5.36996
5.59194
5.6451
5.53939
5.3737
5.60631
5.35586
5.66177
5.44208
5.1637
5.38192
5.51738
5.42496
5.55781
5.42211
5.51279
5.3465
5.65423
5.7982
5.47322
5.16852
5.55008
5.58908
5.3171
5.66561
5.52654
5.79894
5.30283
5.27608
5.72138
5.34106
5.42398
5.52331
5.48464
5.08763
5.28179
5.51363
5.29756
5.49102
5.52168
5.26371
5.64258
5.32202
5.62255
5.18838
5.48663
5.30261
5.43928
5.71189
5.41516
5.38282
5.3071
5.39543
5.55826
5.57983
5.13798
5.70631
5.53823
5.42442
5.30716
5.5968
5.52141
5.55617
5.48841
5.34271
5.47127
5.34047
5.58366
5.34578
5.43052
5.29184
5.44011
5.46232
5.45276
5.68544
5.44253
5.42949
5.45181
5.47666
5.32822
5.37367
5.46292
5.37234
5.40066
5.44163
5.42741
5.35652
5.31764
5.54084
5.62539
5.29935
5.18796
5.4465
5.54556
5.57055
5.37807
5.51819
5.55943
5.23797
5.64365
5.36838
5.17984
5.62539
5.40044
5.41836
5.50369
5.4266
5.14294
5.3667
5.57211
5.34845
5.3222
5.59747
5.51348
5.43291
5.48178
5.39373
5.51622
5.33791
5.4646
5.44403
5.198
5.38752
5.30213
5.4983
5.54872
5.41707
5.38622
5.55173
5.44186
5.42539
5.49572
5.21809
5.51133
5.32752
5.4462
5.30659
5.48216
5.17085
5.30238
5.34205
5.31876
5.2389
5.3196
5.34913
5.47118
5.40257
5.337
5.46061
5.48481
5.7226
5.37433
5.50989
5.36069
5.63563
5.28765
5.42088
5.39757
5.16008
5.53415
5.1594
5.63928
5.23757
5.40946
5.25734
5.32623
5.33287
5.4551
5.33695
5.29062
5.42364
5.21616
5.3829
5.12244
5.52809
5.37835
5.52632
5.27138
5.39408
5.50435
5.2452
5.38083
5.54685
5.34347
5.43852
5.37892
5.43058
5.61594
5.31279
5.58498
5.51672
5.49804
5.24855
5.20474
5.34988
5.41667
5.48225
5.30064
5.44903
5.47051
5.4218
5.38215
5.32326
5.17044
5.28284
5.35186
5.32917
5.44576
5.21635
5.48364
5.28696
5.23813
5.53359
5.29705
5.29906
5.46251
5.17879
5.51106
5.41277
5.35404
5.47274
5.54003
5.47279
5.38466
5.37166
5.33968
5.32739
5.60116
5.25776
5.22151
5.32529
5.52524
5.33793
5.50817
5.35596
5.42532
5.24917
5.30921
5.51065
5.37753
5.38001
5.36644
5.24601
5.18075
5.40267
5.31959
5.40065
5.30519
5.33134
5.27434
5.21417
5.31814
5.19789
5.25485
5.31439
5.27345
5.24827
5.51718
5.31865
5.36441
5.27752
5.41591
5.59572
5.39536
5.17822
5.39453
5.44553
5.60112
5.40995
5.31026
5.4607
5.33053
5.34154
5.39535
5.40872
5.23125
5.324
5.2783
5.32139
5.2449
5.39211
5.39739
5.24672
5.27561
5.47291
5.38327
5.35074
5.21701
5.22685
5.37927
5.39651
5.53445
5.15927
5.44084
5.40051
5.34089
5.27666
5.46957
5.18304
5.19452
5.33395
5.29324
5.16068
5.36396
5.2663
5.30572
5.36896
5.26255
5.07752
5.41195
5.46963
5.25176
5.02414
5.27191
5.19175
5.35661
5.08786
5.34939
5.20596
5.1373
5.26085
5.10817
5.29997
5.11261
5.20416
5.50306
5.26009
5.17679
5.3962
5.3842
5.28835
5.32277
5.32694
5.27763
5.42989
5.37769
5.44917
5.21668
5.44558
5.08317
5.29395
5.23752
5.40145
5.6412
5.27152
5.19988
5.34273
5.20859
5.24673
5.33057
5.40457
5.07283
5.40226
5.38954
5.39711
5.34974
5.33927
5.30582
5.27372
5.1406
5.13592
5.17012
5.34356
5.4187
5.25495
5.26898
5.31316
5.49088
5.27209
5.37328
5.132
5.22617
5.39028
5.53471
5.33015
5.24044
5.44397
5.3883
5.3443
5.38363
5.49962
5.2092
5.21876
5.21971
5.21826
5.30967
5.27405
5.14175
5.33323
5.45748
5.5418
5.27238
5.29822
5.27612
5.46403
5.25771
5.21286
5.53029
5.32005
5.41713
5.37133
5.43361
5.24645
5.20261
5.43916
5.16478
5.32324
5.25644
5.45102
5.34733
5.25593
5.18486
5.35053
5.29262
5.29317
5.23564
5.249
5.14079
5.19117
5.12698
5.16656
5.30097
5.13491
5.43866
5.27898
5.25611
5.28557
5.10985
5.41394
5.20228
5.29249
4.99451
5.29672
5.25436
5.16928
5.30942
5.46213
5.20854
5.20408
5.43719
5.11066
5.31944
5.22174
5.23573
5.52428
5.43452
5.05159
5.31704
5.20631
5.1689
5.23211
5.42735
5.36857
5.09234
5.38946
5.24729
5.13842
5.47282
5.38078
5.27162
5.28109
5.22541
5.31098
5.20553
5.16475
5.37008
5.26664
5.17711
5.3086
5.26758
5.29029
5.29757
5.27069
5.10631
5.38753
5.09787
5.23042
5.2529
5.34926
5.35842
5.31541
5.20842
5.1244
5.20995
5.25438
5.34317
5.25034
5.13554
5.26111
5.2506
5.24337
5.39751
5.16597
5.09684
5.26138
4.93965
5.17305
5.30137
5.3608
5.13795
5.35177
5.44067
5.22771
5.38798
5.35313
5.2415
5.2908
5.38415
5.20834
5.14223
5.32644
5.16576
5.17214
5.10693
5.35745
5.2309
5.26699
5.17878
5.22291
5.25257
5.39807
5.33985
5.37972
5.30666
5.24514
5.45488
5.38959
5.39371
5.35017
5.29537
5.23806
5.24756
5.05337
5.28869
5.44025
5.35779
5.03854
5.12623
5.20793
5.11863
5.36107
5.38297
5.1689
5.23526
5.38627
5.17813
5.24641
5.43982
5.35598
5.52416
5.13714
5.32622
5.27587
5.33245
5.40234
5.31263
5.44405
5.11042
5.13963
5.29898
5.21289
5.22632
5.28178
5.12138
5.38112
5.14268
5.40707
5.37275
5.27561
5.29911
5.26663
5.37097
5.01563
5.31175
5.25608
5.0698
5.19252
5.30229
5.06681
5.14235
5.13993
5.02619
5.13054
5.2345
5.13624
5.25554
5.33091
5.29434
5.28821
5.40207
5.26306
5.304
5.2328
5.05371
5.23906
5.2472
5.05305
5.44598
5.08709
5.21735
5.47651
5.08016
5.29545
5.26028
5.25967
5.13636
5.33426
5.23162
5.21083
5.43641
5.22612
5.12192
5.13691
5.19473
5.00515
5.22836
5.10849
5.32703
5.26169
5.5113
5.16583
5.27501
5.07404
5.11411
5.30477
5.25975
5.02321
5.18747
5.31001
5.10449
5.24979
5.22652
5.35563
5.45993
5.2173
5.12581
5.24751
5.09252
5.0794
5.22743
5.44838
5.132
5.4081
5.25783
5.14407
5.15627
5.14201
5.3172
5.21033
5.15117
5.15252
4.9745
5.14863
5.29174
5.2982
5.1629
5.25176
5.13297
5.13064
5.34431
5.24818
4.97954
5.35405
5.40553
5.21389
5.22891
5.37416
5.26651
5.21219
5.31252
5.40735
5.2274
5.43666
5.40569
5.50927
5.33197
5.2125
5.0462
5.17708
5.16021
5.1271
5.33658
5.28224
5.38449
5.15264
5.23539
5.26619
5.22742
5.23202
5.14127
5.15973
5.46424
5.13271
5.25567
5.43086
5.19259
5.00117
5.4061
4.9846
5.44386
5.02553
5.00266
5.04348
5.11769
5.35767
5.28978
5.06986
5.33971
5.38584
5.50017
5.09879
5.28468
5.40525
5.37722
5.17633
5.15863
5.07008
5.24689
5.07957
5.23526
5.2452
5.33204
5.11507
5.3886
5.17444
5.24013
5.33479
5.36824
5.10955
5.12285
5.10835
5.47699
5.09592
5.29554
5.29335
5.30885
5.36175
5.11933
4.92304
4.90987
5.00343
5.17175
5.35483
5.27708
5.28962
5.26596
5.07979
5.00866
5.63955
5.33125
5.35962
5.06857
5.342
5.12294
5.4114
5.26399
5.27112
5.18264
5.15729
5.20854
5.34888
5.30454
5.16498
5.60272
5.06576
4.98651
4.89478
5.15857
5.24827
5.23915
5.34067
5.00418
5.20583
5.16624
5.34675
5.24739
5.46838
5.26436
5.17119
5.04368
5.27645
5.35587
5.17649
5.33687
5.34453
5.29494
5.25019
5.25805
5.3697
5.23492
5.07613
5.28015
4.99495
5.15699
5.10967
5.18335
5.1347
5.1701
5.21931
5.05795
5.19574
5.46975
5.1562
5.30498
5.24512
5.0073
5.19924
5.09381
5.14374
4.99253
5.48112
5.07112
5.05688
5.33927
5.19189
5.44423
5.08884
5.12651
5.27811
5.3318
5.02084
5.21716
5.31381
5.0998
5.06786
5.37929
5.30222
5.23893
5.3228
4.94752
5.14108
5.30106
5.43621
5.27224
4.99241
5.03502
5.11177
5.14482
4.95578
5.33367
5.18142
5.1915
4.99131
5.19406
5.10029
5.27823
5.0705
5.218
5.13097
5.21373
5.07698
5.30629
4.96129
5.56713
5.36908
5.3157
5.28492
5.04792
5.16965
5.28251
5.14612
5.43985
5.1745
5.14866
5.10939
5.05333
5.18657
5.04182
4.91534
5.37706
5.21796
5.17629
5.06613
5.19981
5.29354
5.18122
5.28943
5.19544
5.15404
5.15842
5.13719
5.22257
5.0747
4.93802
5.27676
5.26927
5.24252
5.17471
5.07573
5.1616
5.08014
5.58632
5.1255
5.20753
5.18197
5.07208
5.5017
5.15447
5.16631
5.12253
5.16504
5.19134
5.24171
5.13296
5.02488
5.16704
5.19387
5.21281
5.29549
4.96923
5.18796
5.33316
5.24591
5.02959
5.10043
5.25407
5.34708
5.16805
5.23634
5.31223
5.14936
5.30831
5.17198
5.13674
5.17943
5.06265
5.36607
5.1255
4.99338
5.21767
5.23116
5.17189
5.27101
5.17331
5.05407
5.15864
5.16697
5.32356
5.27678
5.17447
5.20759
5.23338
5.37886
5.16863
5.26435
5.10109
5.15417
5.15131
5.16116
5.17624
5.21232
4.99103
5.35757
5.12703
5.10966
5.09568
5.01714
5.17116
5.25092
5.13878
5.19023
5.17647
5.16918
4.97343
5.17819
5.13512
5.21405
5.3723
5.33225
5.2565
5.18214
5.40027
5.106
5.36524
5.09363
5.20354
5.37316
5.16152
5.13403
5.13956
5.21998
5.06941
5.08621
5.15188
5.10857
5.06121
5.16993
5.26967
5.14714
4.94625
5.01929
5.13101
4.97759
5.38056
5.03742
5.15663
5.10656
5.34167
5.06771
5.20249
5.0772
5.21772
5.09629
5.13777
5.09369
5.19041
4.9671
5.37952
5.26259
5.24528
5.0941
5.28706
5.19543
5.09928
5.20344
5.30082
5.22626
4.91023
5.28462
5.13327
5.20488
5.12527
5.29551
5.20139
5.15721
5.10393
5.21917
5.29419
5.05399
5.12792
5.0525
5.18799
5.09778
5.15595
5.26304
5.0998
5.28357
5.31037
5.00549
5.1195
4.88467
5.21931
5.31783
5.22611
5.23279
5.29519
4.97553
5.06948
5.21949
5.20816
5.27003
5.11741
5.37121
5.30946
5.13625
4.97929
5.15638
5.05427
5.13267
5.29814
5.24016
5.2324
4.97515
5.09638
5.09161
5.07992
5.14915
5.24677
5.25737
4.98612
5.08368
5.20429
5.19366
5.10301
5.2959
5.33543
4.98412
5.28074
5.02539
5.0755
4.99139
5.23223
5.17105
5.2361
5.14542
5.14981
5.15151
5.17705
5.12718
5.13629
5.29309
5.23544
5.22449
5.06435
5.47965
5.22637
4.97205
5.25587
5.35704
5.31173
5.34851
5.17836
5.08664
5.27061
5.08475
5.15882
5.1969
5.15512
5.11167
5.09826
5.2563
5.32275
5.04405
5.14197
5.19915
5.09556
5.22946
5.18159
5.02533
5.14245
5.21144
5.12003
5.2374
5.03652
5.18542
5.22098
5.16337
5.0
5.3821
5.12361
5.15825
4.97926
5.15245
5.24781
5.00001
5.20923
5.04766
5.08258
5.16026
5.02377
5.08151
5.03738
5.1627
5.20695
5.16479
5.16543
5.11056
4.86455
5.08363
4.98626
5.06309
5.19607
5.10561
4.91341
5.25319
4.90825
5.10512
4.90833
5.08315
5.14207
5.27173
5.15112
5.29795
5.25781
5.1961
4.97039
5.24478
5.19039
5.02605
5.21826
5.31077
5.2703
5.10325
5.17739
5.13377
5.28823
5.11662
5.07959
4.94342
5.14903
5.14095
5.19297
5.09392
5.07608
5.29349
5.19778
5.15769
5.01663
5.04778
5.16714
5.11615
5.13065
5.0569
4.99573
5.21711
5.2178
5.17001
4.80691
5.22506
5.21121
5.17319
5.15809
5.14819
5.15031
5.05475
5.22273
5.04544
4.85212
5.12973
4.98
5.18692
5.02208
5.14903
5.24652
5.1065
5.06386
5.0468
5.18951
5.20443
5.18843
5.1934
5.16234
5.25842
5.50152
5.18579
5.02589
4.8844
5.1095
4.90631
5.07541
4.87974
4.95976
5.01148
5.04023
5.05309
5.00516
5.07934
5.31577
5.28387
5.2362
5.08914
5.19535
5.16839
5.10661
5.24562
5.13197
5.19305
4.99555
4.90371
5.30942
4.98674
5.09741
5.16007
5.08573
5.34937
5.08055
5.08307
4.9984
5.02848
5.09628
5.14681
5.27549
5.08452
5.12162
5.13297
5.0698
5.20288
5.4577
5.06177
5.1711
5.04761
5.26284
5.17434
5.33601
5.24049
5.24181
5.05775
5.09123
5.17895
5.28609
5.05583
5.17467
5.12844
4.95731
4.9971
5.07365
5.10332
5.12008
5.10195
5.23166
5.11361
5.00703
5.12215
5.15249
5.22809
5.0541
5.0319
4.99772
5.20735
5.10699
5.07652
5.23861
5.11274
4.97616
5.07508
5.18771
5.02178
5.26156
5.21728
5.10323
5.11623
5.19828
5.01448
5.20214
5.12662
4.95124
5.26202
5.18722
5.01742
5.2401
5.2714
4.86462
5.12841
5.21392
5.14621
5.15651
5.10382
5.10499
5.0309
5.21788
5.27249
5.25933
5.21209
5.10201
5.18284
5.19741
5.09572
5.25602
5.11147
5.05733
5.10594
5.09375
5.006
5.15284
4.94181
5.33943
5.27616
4.87384
5.07923
4.82711
5.16605
5.15392
5.21227
5.12646
5.13111
5.01852
4.96008
5.201
5.33467
5.05507
5.16011
5.15922
4.97677
5.14461
5.19065
4.98701
5.12456
4.94778
5.02522
5.17019
5.30155
4.97622
4.91846
4.92821
4.96914
4.92439
5.20323
5.14378
5.22287
5.07803
5.17997
4.97782
5.17687
5.02069
5.1272
5.13149
4.89427
5.30375
5.09268
5.00649
5.00549
5.00096
5.05006
5.24641
5.15967
5.07777
5.1536
5.16402
5.33859
5.05882
4.89011
5.18741
5.03801
5.13035
4.98002
5.33006
5.14959
5.07747
4.90568
5.18803
5.17005
5.36048
5.23148
5.12469
5.07477
5.13085
5.03011
5.08489
4.78269
5.22132
5.11285
5.17671
5.31467
5.37245
5.4279
5.01112
4.96787
5.10901
5.09575
5.00718
5.23953
4.95179
4.96029
5.19348
5.128
5.33594
5.09154
5.11493
5.11763
5.09838
5.189
5.04477
5.0782
4.91123
5.14807
5.02641
5.08271
5.20429
5.09259
5.13705
5.00028
4.97987
4.94273
4.89845
5.07433
5.13469
5.1704
5.16913
4.93659
5.13281
5.04536
5.01513
4.95804
5.07956
4.98913
5.26711
5.19457
5.16996
5.12593
4.95223
5.02927
5.13365
5.08797
5.14243
5.20788
5.08793
5.29776
5.10779
5.18987
5.27721
5.0188
4.90182
5.01823
5.12079
4.94963
5.01619
5.21125
5.05541
5.33994
4.94198
5.09419
5.11828
4.95545
4.93605
5.2071
5.27634
5.11411
5.02311
5.05607
5.10157
5.26656
5.17267
5.01233
5.15218
5.21542
5.16755
4.9954
5.22723
5.1483
5.10666
5.07897
5.10857
5.01014
5.00764
5.04183
5.23128
5.00014
5.04948
5.09757
4.9015
4.97212
5.14974
5.10081
5.09179
5.19519
5.12164
5.05405
5.20178
4.97313
5.07595
5.0884
5.13149
5.15832
5.07316
5.17086
4.9688
5.08856
4.98449
5.02713
4.95246
5.16953
5.11617
4.86637
5.08157
5.31817
5.03096
5.28984
5.08909
4.96672
5.09872
5.12762
4.84413
5.03153
5.09769
4.85168
5.23085
5.19975
4.96895
4.98393
4.89042
5.2308
5.22535
4.99633
5.18987
5.08755
5.02884
5.20114
5.0324
5.03492
5.13675
4.953
5.15446
5.01854
5.13896
5.15673
5.02323
4.99456
5.17361
5.15908
4.96218
5.11692
5.16949
4.98144
5.00039
5.14013
4.95363
5.12759
5.00616
5.14402
5.1
4.95821
5.06689
5.10879
5.10197
5.05431
5.01871
5.08471
4.95966
5.09781
5.09403
4.94857
5.14354
4.95431
5.14337
5.14988
5.14064
4.87268
5.34234
5.07519
5.11842
5.0246
5.34261
4.95775
5.21726
5.09889
5.00639
5.10482
4.99204
4.94711
5.03644
4.91444
5.24884
4.9765
4.9548
5.1485
5.10091
4.96636
5.14763
5.22343
5.14857
5.04434
5.15124
4.90997
5.13175
5.16098
5.22043
5.14446
4.8904
5.04469
5.19177
5.13675
5.204
5.07852
5.2071
5.01714
5.01663
5.17661
5.22071
5.06081
5.03033
4.95162
5.12536
5.00111
5.08811
4.97545
4.95971
4.91955
5.1017
5.17257
4.85937
5.17132
5.06325
5.05663
5.17288
4.99564
5.06635
5.14792
4.97285
5.12425
4.98847
5.09264
5.11002
5.16276
5.11612
5.08271
5.15023
4.87309
4.96993
4.90188
5.18985
5.25299
5.213
5.16044
5.15715
5.27474
5.0696
4.98483
5.22197
5.03549
5.09821
5.07599
4.79473
5.1985
4.98018
5.10098
5.10455
5.01894
4.98767
5.02652
4.95689
5.18501
5.19469
5.02053
5.29821
5.17722
5.08144
5.10012
5.09898
4.95143
5.08048
5.06137
5.16591
5.0371
5.05471
5.04575
5.17683
4.97065
5.07865
5.09146
5.16371
5.02929
4.97596
4.81296
5.06581
5.07223
4.98039
5.26312
4.91859
5.03187
5.04733
4.92455
5.20307
5.04312
5.09779
5.06497
5.18263
4.95579
5.19839
5.1582
5.01907
4.94077
4.94954
4.99655
4.8596
4.985
5.08599
5.05004
4.92412
5.17104
5.12409
4.89279
4.98443
5.01965
5.27682
4.96824
5.16468
5.04051
5.18524
5.04534
5.06531
4.99737
5.00027
5.15107
4.92745
5.00213
5.12278
5.04366
5.06186
4.955
5.18516
5.11036
4.90173
5.23172
4.95281
4.81997
4.86954
5.30557
5.1567
4.92964
4.85967
5.12217
5.05714
5.12065
5.13575
4.78595
5.01365
5.05982
5.04158
4.88955
5.16678
5.01997
5.10196
4.97041
5.0343
5.24025
5.13522
5.31994
5.27824
4.9839
5.05935
5.27579
5.10556
5.0022
5.24839
4.95979
5.2229
5.11565
5.13094
5.02012
5.02932
4.97168
5.03132
5.12636
5.0773
4.86308
5.07359
5.16146
4.98457
5.17188
4.87574
5.074
5.05495
5.03545
5.03073
4.90755
5.00807
4.91216
5.10648
4.94308
5.21366
5.18758
5.07423
5.02918
4.9835
4.98283
4.96531
5.17973
5.24034
5.01463
5.13893
4.92924
5.07724
5.04016
5.03948
4.94329
5.03279
5.08824
5.05352
5.12728
5.1041
5.30897
5.01367
4.97921
5.15266
5.09026
4.94116
5.21026
5.07464
5.03876
5.12978
5.0049
5.07954
5.14016
5.11072
5.08345
5.01496
4.98066
5.05903
5.13131
4.96658
5.07588
5.03616
5.03306
5.18829
5.09863
5.04907
4.87374
5.00653
5.13753
5.05923
5.07732
4.89878
5.18884
5.10929
5.00751
5.07914
4.98309
4.92814
5.03115
4.82393
5.05141
4.85765
4.98663
5.01734
5.00274
5.02973
4.95509
4.99822
5.0137
5.08442
5.08155
4.9381
4.86961
5.08365
4.94264
4.92492
5.14673
5.18215
5.04796
4.92435
5.00792
5.00614
4.87331
5.12414
4.98652
4.98458
5.08596
5.20227
5.0758
5.25665
5.06552
5.05614
4.95209
5.05157
5.33257
5.13739
5.1049
5.1491
5.25509
4.96189
4.92045
4.98734
5.35417
5.06832
4.987
4.96552
5.05718
5.20452
4.85981
5.11889
4.81314
5.13798
5.02129
5.06108
5.18762
4.98943
5.21787
5.0405
5.21111
4.94108
4.98227
5.18467
4.97638
5.22331
5.13673
5.02737
5.05532
5.01077
4.95332
4.91896
5.01542
5.02092
4.86012
4.9924
4.95386
4.99611
5.10798
5.24774
4.88184
4.88636
5.23393
4.94661
5.11738
5.00227
5.06813
5.00225
4.99979
4.904
5.04592
5.05282
5.11367
5.03886
5.13343
4.82438
4.92321
5.06141
5.15254
5.2156
5.1761
5.0819
5.07536
4.99902
5.03837
4.95872
5.0427
4.98433
5.14159
5.06805
5.03482
4.90086
4.84657
5.14917
4.95835
5.02544
5.13732
5.14014
4.93885
5.02638
4.96331
5.00958
4.99219
5.02666
4.94884
4.94155
5.01538
4.97676
5.09723
4.86041
5.10014
4.90323
4.89509
5.22651
5.15184
4.84985
5.11822
5.14341
5.20886
4.94885
4.90824
4.98642
5.09557
5.09496
4.99927
5.00427
5.08061
5.03561
5.00528
5.09209
4.96714
5.00643
5.0189
5.05252
5.12688
5.00322
5.0633
4.97886
4.79998
5.03577
4.94201
5.12317
5.18158
5.19326
4.96032
5.06822
4.99154
5.05363
4.9957
5.0408
5.06402
5.11384
4.87646
5.05484
4.86163
5.08164
4.79454
5.02246
4.81685
4.77396
5.11054
4.97999
4.88048
5.17468
4.68319
4.89685
5.06943
5.26256
4.98577
5.04337
4.97371
5.02176
4.97079
4.8877
4.89646
5.09248
5.05869
4.97493
4.74644
5.10463
4.90985
5.18265
5.18012
4.89669
4.98896
5.18645
5.03852
4.98233
4.85136
5.20331
5.1286
5.14819
4.94559
5.04546
4.976
5.02101
4.93344
5.04132
5.11616
5.01606
5.00709
5.07453
5.02944
4.93175
5.02712
5.04107
4.97281
4.95746
4.9844
4.85384
5.02436
4.87413
5.04471
5.11378
5.10817
5.01807
5.04085
5.25706
5.00601
4.85375
5.20783
5.01541
5.08394
5.01866
5.09461
4.72262
5.11255
4.91804
5.00031
5.02188
4.96047
4.96251
5.10549
5.07253
5.00745
5.267
4.94741
5.13572
4.95934
4.97119
5.23944
4.92735
5.08864
5.07899
4.81087
5.00888
4.92555
4.97338
4.87708
4.99255
4.97912
5.04922
5.02098
5.01332
5.05289
5.01727
5.21582
5.16452
4.95267
4.93007
4.94342
5.00606
4.96791
5.22044
5.07132
4.99234
4.90281
4.82483
5.07649
4.70598
4.97883
4.77941
4.92998
5.06494
5.13621
5.01039
4.88208
4.98368
4.82624
4.95852
5.02381
5.10282
4.99208
4.96463
5.03604
5.1778
4.92907
5.05598
5.22741
5.06929
4.90792
4.97093
5.03464
5.26427
5.07404
4.9739
5.16571
4.9662
4.92471
5.15783
4.69508
5.05908
5.07339
5.11958
5.07056
4.9184
4.9136
5.059
5.11661
4.87402
5.07048
4.87601
5.28532
5.18582
5.19907
5.21052
5.08506
5.19447
5.05395
5.15281
5.18279
5.04897
5.07476
4.9703
4.99347
5.03997
5.04663
4.98573
4.93956
4.89606
4.98287
5.09035
5.0935
5.01836
5.0019
5.10649
4.95271
5.03438
5.20124
4.89264
4.90806
4.88133
4.97456
5.04091
5.04637
5.20091
4.73108
4.82919
5.02118
4.96199
5.28039
5.06525
5.12472
5.1499
4.97782
4.92067
4.96036
5.08559
5.15718
5.1108
5.03162
5.06916
5.19102
5.01162
4.86966
4.99041
4.86563
5.00948
4.967
4.94377
5.09087
4.98602
5.15885
5.06206
5.0357
4.9609
5.12121
4.72991
5.00911
5.18025
5.10429
5.32866
4.87094
5.21432
5.22186
5.10945
4.8921
5.14969
5.20068
5.03393
4.99771
5.10728
5.09571
5.01239
5.07545
5.01035
5.17468
5.02499
4.88232
5.09521
4.91184
4.98829
4.95331
5.03136
5.03774
5.11064
5.12157
4.98569
4.90938
5.19737
5.161
5.08547
4.98158
4.99275
4.92724
5.06715
4.88273
4.92028
5.08701
5.01088
5.02937
5.02078
4.94629
5.15855
4.95794
4.80398
4.96849
4.91698
4.95198
4.97613
5.14365
4.98949
5.02852
5.07833
5.11795
4.99468
5.09462
5.27138
5.04059
4.87754
5.03117
4.96241
4.95199
4.81475
4.84564
4.73713
5.32451
4.89094
5.10818
4.83721
5.06506
5.0134
5.12982
4.84595
4.85854
5.05129
4.9438
5.08204
5.25391
4.82776
5.22106
5.0185
5.32023
5.00413
4.89157
4.84181
4.85602
4.83485
5.09135
5.2141
5.10168
5.05929
4.89482
4.88027
5.00196
5.27953
4.88538
4.9566
5.07588
4.89073
4.92541
4.86456
5.00514
5.24849
5.19977
5.08512
5.02881
4.8783
5.12127
5.1902
5.01111
4.98088
5.09806
5.10262
5.21206
5.08288
4.90117
5.13147
5.08139
5.02
4.96492
4.89708
4.77498
4.73406
5.03307
4.94962
4.86963
4.99333
4.96525
5.1641
4.92581
5.19647
5.05346
5.08445
5.09333
5.14162
5.08798
4.99526
4.96055
4.96703
4.85429
5.00142
5.25885
4.98441
4.97917
4.99504
4.8315
4.91613
4.90633
5.14512
5.03987
4.90968
5.06048
4.88634
5.02466
4.90991
4.97512
5.16498
5.03195
5.02019
4.99344
5.03035
4.95099
5.00644
4.84991
5.25564
5.23717
5.08403
4.99564
5.00834
4.88437
4.87089
4.95001
5.05248
4.94536
4.96585
5.00255
5.0409
4.96985
4.88408
4.91409
4.96577
5.05066
5.18074
5.01516
4.89124
5.08577
4.98145
4.98939
4.9967
5.12968
4.93337
4.89891
4.89628
4.98884
5.18094
4.87739
4.80476
5.05096
5.03002
4.95629
4.93628
5.05112
5.03144
5.0412
4.87432
4.89026
5.05473
5.01047
4.90327
5.08557
5.21438
5.07233
4.98766
4.92357
5.00561
5.14568
4.98935
5.14506
4.98971
4.86101
4.92183
4.99107
4.90646
4.82686
5.17745
4.96402
4.94086
4.97482
4.98269
4.80733
5.0182
4.98062
5.07215
4.79541
5.11115
4.98917
5.22173
4.94432
4.98212
5.10336
4.9876
4.97754
4.9725
4.83527
5.00793
5.04338
4.6406
5.08329
4.88169
5.11427
5.1801
4.92586
5.15053
5.04954
5.17474
4.92565
5.03858
5.04846
5.06
5.01808
5.08753
4.81843
5.01
5.0445
5.02275
4.88298
4.9535
5.057
4.84971
5.03961
5.08879
4.90646
5.05721
5.17726
5.24047
4.97951
5.10372
5.22745
5.09806
5.08304
4.99768
4.91977
5.10106
5.09565
4.96354
4.88503
4.91544
4.81636
5.03559
4.89087
5.04999
4.83156
4.90675
5.09962
5.12378
4.93083
5.07415
4.99496
5.0904
5.0622
5.12586
5.05645
5.09657
5.07985
4.92441
5.07329
4.89619
4.92023
5.09835
4.86199
4.97915
4.84795
4.77671
4.84475
5.12174
5.1276
5.05519
4.99319
4.98859
5.16422
5.17097
4.94327
5.04108
4.92205
5.12585
4.88908
5.02664
4.86132
5.15144
5.10159
4.81
4.85351
5.14272
4.84587
4.85444
4.99653
5.11756
4.90333
5.06315
5.20611
5.31007
4.89732
5.03688
5.02536
4.93336
5.06693
5.23428
4.97509
4.96529
5.07896
4.98225
5.02583
5.0984
4.90277
5.10635
4.96987
4.99804
4.84415
5.07753
4.85
5.23009
4.93076
4.84078
4.93543
4.92961
5.14087
5.06791
5.01334
4.95072
5.1973
4.76344
5.02362
5.14839
5.07257
4.88422
5.10468
4.90811
5.28336
4.84238
4.98302
5.04136
4.99154
5.02606
4.97333
4.96066
4.9051
5.15608
4.93661
4.7897
4.83427
4.91944
4.97057
4.98947
4.90933
4.9427
5.07213
5.05388
5.06198
4.99305
5.03476
5.12517
4.75113
4.90438
5.03981
5.21419
4.92967
4.90678
5.01254
5.06296
4.94853
5.19448
5.03337
5.05598
5.03648
5.24755
5.12654
5.00219
4.88846
4.94378
5.00742
5.05424
5.10507
4.91212
5.01443
5.05514
4.87596
4.91131
5.09284
4.9857
5.07282
4.96732
4.99287
4.92965
4.9597
4.94616
5.00246
5.04074
4.93171
4.88354
4.82741
5.13187
4.96394
5.06234
4.82472
5.05975
5.15104
5.09268
4.90771
5.01375
4.70145
4.89305
5.16324
5.24711
5.00416
4.96601
5.06596
4.99241
5.05855
5.20762
5.12594
5.01406
4.9589
4.91852
4.85066
5.12857
4.97309
4.93006
4.96865
4.83949
4.94201
4.8332
4.93055
5.12033
4.70763
4.89914
5.01366
4.95569
4.99979
4.99707
4.99966
4.97933
5.21187
5.07933
5.0138
4.96824
5.10714
4.96507
5.09002
5.11001
5.0557
5.11474
4.99909
4.87267
4.95268
4.95158
4.87576
4.84545
4.94389
4.8853
4.8563
4.84077
4.7648
4.9198
5.01315
4.97923
4.84708
4.94839
5.04254
4.6659
5.07986
4.93806
5.17631
4.86801
4.98048
5.03966
5.02625
4.9639
4.88135
4.95712
5.14611
5.03411
4.97007
4.95153
5.07621
5.08282
4.76682
4.77775
4.88746
4.95352
4.98175
4.94356
4.94874
4.96511
5.16211
5.17149
4.74456
4.75036
5.00574
5.17427
4.80922
4.99404
5.22253
5.17658
5.03172
4.98406
4.97436
4.95121
5.18277
4.82722
4.97081
4.78952
4.88777
4.96934
5.09741
5.16304
5.03019
4.98816
5.08715
4.98937
5.11924
4.88576
4.97653
5.03058
5.10355
5.10589
4.80456
4.85868
4.80098
4.90811
4.92806
5.02593
4.73188
5.09014
4.86986
5.07986
4.82285
4.82946
4.77588
4.88647
5.1651
4.82265
5.05042
4.90197
4.84913
5.0754
4.97964
4.90482
4.92294
5.27472
5.11849
4.94171
4.95561
4.98784
5.10296
4.83944
4.92542
4.97364
5.00149
4.91165
4.98412
5.14639
4.68296
5.19058
5.21884
5.08731
5.07452
5.03821
5.14085
5.12097
4.94511
4.9494
5.03787
5.04528
5.12228
5.15803
5.02103
5.06967
4.9798
4.83864
4.97043
4.83166
4.82656
5.00932
4.90981
5.14686
4.87751
4.87626
4.79772
4.98352
4.93405
5.06241
5.10884
4.94199
4.96317
4.9705
4.99334
5.05316
4.99915
5.0051
5.05015
4.91639
4.97346
5.00051
5.03008
4.87773
4.81883
4.82661
4.99994
5.14679
5.03268
5.11539
4.99108
5.22818
4.84775
5.10325
4.86611
4.99473
5.00598
5.14028
5.11469
4.85338
5.10803
4.98944
4.82115
4.98078
4.84762
4.96109
5.18427
4.97768
5.16638
5.06509
5.15499
4.97479
5.04483
4.82444
4.98131
4.91795
4.8408
4.90783
5.08045
4.88296
4.84186
4.88119
4.99924
4.85197
4.95894
4.9878
5.06834
4.97634
4.87593
5.05837
4.88946
4.9314
4.99906
4.93641
5.06976
4.87774
5.11967
4.97866
5.10547
4.91729
5.23172
5.22324
5.05949
5.00988
5.04294
4.9761
4.98829
4.90575
4.92067
5.13258
4.89975
4.95811
4.99402
5.07758
4.96985
4.93708
4.89839
4.94931
4.99305
4.98393
4.99786
5.00416
4.76178
5.10733
5.08624
5.23211
4.96121
4.81733
4.86072
4.91494
4.82203
4.85425
4.75409
5.06261
4.86152
5.03441
5.05237
4.72944
5.01962
4.92094
5.02081
4.967
5.02062
4.91641
5.00836
5.15674
5.14337
4.93416
4.94481
4.90937
4.91337
5.10394
5.08756
5.02894
4.96562
4.97082
4.91652
5.07356
5.00579
4.93535
4.72875
4.90374
4.90951
4.95498
4.74813
5.08146
5.17922
4.91934
4.99397
4.86352
4.92781
5.16363
5.08317
4.72659
4.93537
5.08707
4.87165
4.7136
5.11024
5.04155
5.00691
4.90504
4.94523
4.98466
5.12318
5.03376
5.17855
4.96804
4.92435
5.05554
4.81345
5.03591
4.90978
4.94718
4.78573
5.16552
4.92848
4.98126
4.81528
4.96808
4.78571
4.72852
5.08262
5.1516
4.9023
4.97859
5.13535
4.97595
5.06483
4.93742
5.21329
4.97533
4.91142
4.9325
5.1126
4.84463
5.27419
4.94589
4.98276
4.99853
5.07984
4.78682
4.90377
4.78111
4.77195
4.91021
4.89587
4.93979
4.9435
5.01954
5.08071
4.82211
4.9978
4.9691
5.01973
4.73856
5.0383
5.04227
4.9497
4.96445
4.82845
4.99544
5.11282
5.07754
5.04292
5.03816
4.91651
4.93388
4.88759
5.02126
4.99758
4.87573
4.93188
5.21268
5.08946
4.93684
4.83314
4.95321
4.89323
4.79521
4.92747
4.96417
5.06495
4.90174
4.95765
5.13663
4.7447
4.8979
5.07443
4.95641
4.89216
4.87678
5.05566
4.84314
4.75031
4.92519
5.09774
4.98836
4.86661
5.07601
5.28102
5.08325
4.88262
4.97826
5.10247
5.08309
5.02233
5.10987
4.91714
4.96695
5.03989
4.87586
4.74875
4.92945
4.88288
5.29747
5.05618
5.0267
5.03657
4.8479
5.00002
5.07778
4.94693
4.96474
4.86035
4.87614
4.83706
4.8605
5.10558
4.95795
4.8783
4.95449
4.96285
4.91167
5.07515
5.07311
4.91969
5.1559
5.1332
4.84139
4.99375
5.05689
4.84021
4.95226
4.78725
5.03109
5.02577
4.92372
4.91745
5.02496
5.11704
5.00502
5.0318
5.01615
4.88887
4.91374
4.99425
5.00724
4.99226
5.07881
5.01943
5.20096
5.00408
4.96733
4.85408
4.75226
5.10361
4.97765
5.00215
4.98639
4.96122
5.0616
5.07364
4.97117
4.9075
4.98842
4.88478
5.00318
4.93394
5.11707
4.89232
4.84014
5.08021
5.03919
4.87767
5.07849
4.87985
5.09715
4.95214
4.58809
4.98144
4.82201
4.76119
5.00975
5.03617
4.93814
4.94401
5.16114
4.98306
4.89877
4.89856
4.91552
5.01233
5.05259
4.87024
5.16244
5.16535
4.96402
4.89104
5.0063
5.00599
5.0708
4.93694
5.23971
4.78012
5.02752
4.80976
4.93642
5.04544
4.87389
4.91065
4.76238
4.84654
5.00848
4.92766
4.93096
4.98909
5.25056
4.87894
5.04288
4.91497
5.18366
4.93484
5.13524
5.04121
4.85127
5.05598
4.84946
5.0147
4.94021
5.08166
5.05274
5.00425
5.0062
5.00368
4.88901
4.94531
4.98863
4.88621
4.98619
4.93258
4.99173
4.90382
5.1682
4.84904
5.10543
4.79065
5.1588
4.96814
4.9056
4.83481
4.95637
4.89167
4.87513
5.1353
5.01625
4.83553
5.18338
5.17353
5.03845
5.03082
4.90476
4.87753
4.7121
4.91251
4.80522
4.9929
4.93439
4.83404
4.83864
4.866
4.98082
4.90935
4.94552
5.03877
5.032
5.01953
4.94672
4.81717
5.05973
4.7824
4.84795
5.10463
4.85601
5.06676
5.18921
4.97654
4.75291
4.88759
4.92942
4.81674
5.00608
4.99377
5.04567
4.7803
4.93417
4.87732
5.05272
5.27836
4.83742
4.98179
4.84009
4.92073
4.85224
4.86078
5.06465
5.20925
4.95671
5.14219
5.06763
5.15497
5.04511
4.97465
4.99464
4.99137
4.90231
5.17838
4.73934
4.88306
5.02747
4.79663
5.03558
4.99877
4.97531
5.10421
4.94395
4.66629
4.72776
4.97045
5.30055
5.18523
4.97882
4.90872
5.03235
5.05689
5.20614
5.17981
4.91307
5.02668
5.01101
4.93415
5.15941
5.05042
4.91015
4.99811
4.89036
5.14031
5.00913
5.10699
5.13904
5.14188
5.13605
4.91796
5.05225
4.93366
5.03359
5.01768
4.82485
5.18689
4.92622
5.17895
4.95037
5.05003
5.12773
5.08321
4.89799
5.17445
4.8198
4.88784
4.9769
4.97698
5.24623
4.99917
4.98616
4.95192
5.04902
5.08968
5.00447
5.00925
4.75147
4.95648
5.01902
4.79984
4.97054
5.08108
5.08785
4.94534
4.94634
5.05833
5.07962
5.08634
5.08161
5.05798
4.99254
4.90824
5.06855
5.07568
5.09417
4.79863
4.96454
5.17421
4.90364
4.96281
4.95801
5.04787
4.92905
4.94011
5.03349
5.04401
5.09129
5.23378
4.71704
5.00679
4.9518
5.08271
5.09988
4.912
5.02681
5.02635
4.97959
5.06343
4.88514
5.07311
4.85004
5.32026
4.82035
5.16834
5.06823
5.26643
5.24187
5.20954
4.87424
5.06546
5.11457
4.972
5.15738
5.16408
5.06901
4.97608
5.36217
5.15821
5.40577
5.0254
5.22152
5.10212
5.15248
5.44694
4.94506
4.79329
5.16906
5.05245
5.24799
5.15003
5.20555
4.87291
5.29619
5.15781
5.06562
5.3289
5.30548
5.24981
5.21646
4.84898
5.12852
5.31325
5.61799
5.26707
5.71497
5.51531
5.07674
5.0434
5.26386
5.10046
5.19278
4.95776
5.12073
5.07832
5.33087
5.25939
4.96924
5.28327
4.97273
5.1341
5.05075
5.18259
5.06308
5.38954
5.37525
5.37749
5.4649
5.31992
5.22439
5.17268
5.14941
5.41535
5.03697
5.01278
5.36846
5.32529
5.42485
5.30353
5.66635
5.18574
5.35266
5.19688
5.07068
5.09626
5.2272
5.31976
5.47127
5.53036
5.52956
5.24899
5.62532
5.17068
6.1255
5.46271
5.39886
